dataset,run,seed,method,short_name,mode,factor,effective_interval_min,t_onset,t_fail,max_lead_hours,lead_time_hours,detection_delay_hours,far_preonset_pct,lead_norm,vlt_legacy_hours,far_legacy_pct,valid_alarm,n_test_windows,window_rows,persistence_windows,window_floored,control,onset_method
Ferrara,E1,42,RMS-Trend (kσ),rms_trend,aggregate,1,0.08,2024-01-01 06:44:40,2024-01-01 06:49:40,0.08,0.03611111111111111,0.04722222222222222,0.0,0.4333333333333333,0.03611111111111111,0.0,True,393,10,3,False,False,terminal
Ferrara,E1,42,3σ Rule (σ=3.0),three_sigma,aggregate,1,0.08,2024-01-01 06:44:40,2024-01-01 06:49:40,0.08,0.08472222222222223,,0.2617801047120419,1.0166666666666668,0.08472222222222223,0.0,True,393,10,3,False,False,terminal
Ferrara,E1,42,"EWMA (λ=0.2, k=3.0)",ewma,aggregate,1,0.08,2024-01-01 06:44:40,2024-01-01 06:49:40,0.08,0.08472222222222223,,0.2617801047120419,1.0166666666666668,0.08472222222222223,0.0,True,393,10,3,False,False,terminal
Ferrara,E1,42,"CUSUM (k=0.5, h=5.0)",cusum,aggregate,1,0.08,2024-01-01 06:44:40,2024-01-01 06:49:40,0.08,0.07083333333333333,0.0125,0.0,0.85,0.07083333333333333,0.0,True,393,10,3,False,False,terminal
Ferrara,E1,42,Hotelling T²,hotelling_t2,aggregate,1,0.08,2024-01-01 06:44:40,2024-01-01 06:49:40,0.08,0.08472222222222223,,0.2617801047120419,1.0166666666666668,0.08472222222222223,0.0,True,393,10,3,False,False,terminal
Ferrara,E1,42,Isolation Forest,isolation_forest,aggregate,1,0.08,2024-01-01 06:44:40,2024-01-01 06:49:40,0.08,0.08472222222222223,,0.2617801047120419,1.0166666666666668,0.08472222222222223,0.0,True,393,10,3,False,False,terminal
Ferrara,E1,42,Deep SVDD,deep_svdd,aggregate,1,0.08,2024-01-01 06:44:40,2024-01-01 06:49:40,0.08,0.0,,0.0,0.0,0.0,0.0,False,393,10,3,False,False,terminal
Ferrara,E1,42,LSTM-Autoencoder,lstm_ae,aggregate,1,0.08,2024-01-01 06:44:40,2024-01-01 06:49:40,0.08,2.286111111111111,,8.115183246073299,27.433333333333334,2.286111111111111,0.0,True,393,10,3,False,False,terminal
Ferrara,E1,42,TCN-Autoencoder,tcn,aggregate,1,0.08,2024-01-01 06:44:40,2024-01-01 06:49:40,0.08,2.2930555555555556,,30.36649214659686,27.51666666666667,2.2930555555555556,0.0,False,393,10,3,False,False,terminal
Ferrara,E1,42,Transformer-AD,transformer_ad,aggregate,1,0.08,2024-01-01 06:44:40,2024-01-01 06:49:40,0.08,2.286111111111111,,4.18848167539267,27.433333333333334,2.286111111111111,0.0,True,393,10,3,False,False,terminal
Ferrara,E1,42,RMS-Trend (kσ),rms_trend,aggregate,2,0.17,2024-01-01 06:44:40,2024-01-01 06:49:40,0.08,0.03888888888888889,0.044444444444444446,0.0,0.4666666666666667,0.03888888888888889,0.0,True,492,5,4,False,False,terminal
Ferrara,E1,42,3σ Rule (σ=3.0),three_sigma,aggregate,2,0.17,2024-01-01 06:44:40,2024-01-01 06:49:40,0.08,0.08888888888888889,,0.20964360587002098,1.0666666666666669,0.08888888888888889,0.0,True,492,5,4,False,False,terminal
Ferrara,E1,42,"EWMA (λ=0.2, k=3.0)",ewma,aggregate,2,0.17,2024-01-01 06:44:40,2024-01-01 06:49:40,0.08,0.08888888888888889,,0.20964360587002098,1.0666666666666669,0.08888888888888889,0.0,True,492,5,4,False,False,terminal
Ferrara,E1,42,"CUSUM (k=0.5, h=5.0)",cusum,aggregate,2,0.17,2024-01-01 06:44:40,2024-01-01 06:49:40,0.08,0.07222222222222222,0.011111111111111112,0.0,0.8666666666666666,0.07222222222222222,0.0,True,492,5,4,False,False,terminal
Ferrara,E1,42,Hotelling T²,hotelling_t2,aggregate,2,0.17,2024-01-01 06:44:40,2024-01-01 06:49:40,0.08,0.08888888888888889,,0.20964360587002098,1.0666666666666669,0.08888888888888889,0.0,True,492,5,4,False,False,terminal
Ferrara,E1,42,Isolation Forest,isolation_forest,aggregate,2,0.17,2024-01-01 06:44:40,2024-01-01 06:49:40,0.08,0.08888888888888889,,0.20964360587002098,1.0666666666666669,0.08888888888888889,0.0,True,492,5,4,False,False,terminal
Ferrara,E1,42,Deep SVDD,deep_svdd,aggregate,2,0.17,2024-01-01 06:44:40,2024-01-01 06:49:40,0.08,0.0,,0.0,0.0,0.0,0.0,False,492,5,4,False,False,terminal
Ferrara,E1,42,LSTM-Autoencoder,lstm_ae,aggregate,2,0.17,2024-01-01 06:44:40,2024-01-01 06:49:40,0.08,2.2944444444444443,,12.368972746331238,27.53333333333333,2.2944444444444443,0.0,False,492,5,4,False,False,terminal
Ferrara,E1,42,TCN-Autoencoder,tcn,aggregate,2,0.17,2024-01-01 06:44:40,2024-01-01 06:49:40,0.08,2.327777777777778,,27.253668763102723,27.933333333333337,2.327777777777778,0.0,False,492,5,4,False,False,terminal
Ferrara,E1,42,Transformer-AD,transformer_ad,aggregate,2,0.17,2024-01-01 06:44:40,2024-01-01 06:49:40,0.08,2.2944444444444443,,15.723270440251572,27.53333333333333,2.2944444444444443,0.0,False,492,5,4,False,False,terminal
Ferrara,E1,42,RMS-Trend (kσ),rms_trend,aggregate,5,0.42,2024-01-01 06:44:40,2024-01-01 06:49:40,0.08,0.08472222222222223,,0.2617801047120419,1.0166666666666668,0.08472222222222223,0.0,True,393,3,2,True,False,terminal
Ferrara,E1,42,3σ Rule (σ=3.0),three_sigma,aggregate,5,0.42,2024-01-01 06:44:40,2024-01-01 06:49:40,0.08,0.7166666666666667,,1.0471204188481675,8.600000000000001,0.7166666666666667,0.0,True,393,3,2,True,False,terminal
Ferrara,E1,42,"EWMA (λ=0.2, k=3.0)",ewma,aggregate,5,0.42,2024-01-01 06:44:40,2024-01-01 06:49:40,0.08,0.09166666666666666,,0.5235602094240838,1.1,0.09166666666666666,0.0,True,393,3,2,True,False,terminal
Ferrara,E1,42,"CUSUM (k=0.5, h=5.0)",cusum,aggregate,5,0.42,2024-01-01 06:44:40,2024-01-01 06:49:40,0.08,0.07777777777777778,0.005555555555555556,0.0,0.9333333333333333,0.07777777777777778,0.0,True,393,3,2,True,False,terminal
Ferrara,E1,42,Hotelling T²,hotelling_t2,aggregate,5,0.42,2024-01-01 06:44:40,2024-01-01 06:49:40,0.08,0.7166666666666667,,1.0471204188481675,8.600000000000001,0.7166666666666667,0.0,True,393,3,2,True,False,terminal
Ferrara,E1,42,Isolation Forest,isolation_forest,aggregate,5,0.42,2024-01-01 06:44:40,2024-01-01 06:49:40,0.08,0.7166666666666667,,1.0471204188481675,8.600000000000001,0.7166666666666667,0.0,True,393,3,2,True,False,terminal
Ferrara,E1,42,Deep SVDD,deep_svdd,aggregate,5,0.42,2024-01-01 06:44:40,2024-01-01 06:49:40,0.08,0.022222222222222223,0.06111111111111111,0.0,0.2666666666666667,0.022222222222222223,0.0,True,393,3,2,True,False,terminal
Ferrara,E1,42,LSTM-Autoencoder,lstm_ae,aggregate,5,0.42,2024-01-01 06:44:40,2024-01-01 06:49:40,0.08,0.09166666666666666,,0.5235602094240838,1.1,0.09166666666666666,0.0,True,393,3,2,True,False,terminal
Ferrara,E1,42,TCN-Autoencoder,tcn,aggregate,5,0.42,2024-01-01 06:44:40,2024-01-01 06:49:40,0.08,0.09166666666666666,,0.5235602094240838,1.1,0.09166666666666666,0.0,True,393,3,2,True,False,terminal
Ferrara,E1,42,Transformer-AD,transformer_ad,aggregate,5,0.42,2024-01-01 06:44:40,2024-01-01 06:49:40,0.08,0.09166666666666666,,0.5235602094240838,1.1,0.09166666666666666,0.0,True,393,3,2,True,False,terminal
Ferrara,E1,42,RMS-Trend (kσ),rms_trend,aggregate,10,0.83,2024-01-01 06:44:40,2024-01-01 06:49:40,0.08,0.09166666666666666,,0.5235602094240838,1.1,0.09166666666666666,0.0,True,196,3,1,True,False,terminal
Ferrara,E1,42,3σ Rule (σ=3.0),three_sigma,aggregate,10,0.83,2024-01-01 06:44:40,2024-01-01 06:49:40,0.08,0.7166666666666667,,1.5706806282722512,8.600000000000001,0.7166666666666667,0.0,True,196,3,1,True,False,terminal
Ferrara,E1,42,"EWMA (λ=0.2, k=3.0)",ewma,aggregate,10,0.83,2024-01-01 06:44:40,2024-01-01 06:49:40,0.08,0.09166666666666666,,0.5235602094240838,1.1,0.09166666666666666,0.0,True,196,3,1,True,False,terminal
Ferrara,E1,42,"CUSUM (k=0.5, h=5.0)",cusum,aggregate,10,0.83,2024-01-01 06:44:40,2024-01-01 06:49:40,0.08,0.09166666666666666,,0.5235602094240838,1.1,0.09166666666666666,0.0,True,196,3,1,True,False,terminal
Ferrara,E1,42,Hotelling T²,hotelling_t2,aggregate,10,0.83,2024-01-01 06:44:40,2024-01-01 06:49:40,0.08,2.05,,3.1413612565445024,24.599999999999998,2.05,0.0,True,196,3,1,True,False,terminal
Ferrara,E1,42,Isolation Forest,isolation_forest,aggregate,10,0.83,2024-01-01 06:44:40,2024-01-01 06:49:40,0.08,0.7166666666666667,,1.5706806282722512,8.600000000000001,0.7166666666666667,0.0,True,196,3,1,True,False,terminal
Ferrara,E1,42,Deep SVDD,deep_svdd,aggregate,10,0.83,2024-01-01 06:44:40,2024-01-01 06:49:40,0.08,0.03611111111111111,0.04722222222222222,0.0,0.4333333333333333,0.03611111111111111,0.0,True,196,3,1,True,False,terminal
Ferrara,E1,42,LSTM-Autoencoder,lstm_ae,aggregate,10,0.83,2024-01-01 06:44:40,2024-01-01 06:49:40,0.08,1.9666666666666666,,14.659685863874344,23.6,1.9666666666666666,0.0,False,196,3,1,True,False,terminal
Ferrara,E1,42,TCN-Autoencoder,tcn,aggregate,10,0.83,2024-01-01 06:44:40,2024-01-01 06:49:40,0.08,1.9944444444444445,,24.083769633507853,23.933333333333334,1.9944444444444445,0.0,False,196,3,1,True,False,terminal
Ferrara,E1,42,Transformer-AD,transformer_ad,aggregate,10,0.83,2024-01-01 06:44:40,2024-01-01 06:49:40,0.08,1.8277777777777777,,8.900523560209423,21.933333333333334,1.8277777777777777,0.0,True,196,3,1,True,False,terminal
Ferrara,E1,42,RMS-Trend (kσ),rms_trend,aggregate,20,1.67,2024-01-01 06:44:40,2024-01-01 06:49:40,0.08,0.07777777777777778,0.005555555555555556,0.0,0.9333333333333333,0.07777777777777778,0.0,True,98,3,1,True,False,terminal
Ferrara,E1,42,3σ Rule (σ=3.0),three_sigma,aggregate,20,1.67,2024-01-01 06:44:40,2024-01-01 06:49:40,0.08,0.7166666666666667,,3.125,8.600000000000001,0.7166666666666667,0.0,True,98,3,1,True,False,terminal
Ferrara,E1,42,"EWMA (λ=0.2, k=3.0)",ewma,aggregate,20,1.67,2024-01-01 06:44:40,2024-01-01 06:49:40,0.08,0.10555555555555556,,1.0416666666666665,1.2666666666666668,0.10555555555555556,0.0,True,98,3,1,True,False,terminal
Ferrara,E1,42,"CUSUM (k=0.5, h=5.0)",cusum,aggregate,20,1.67,2024-01-01 06:44:40,2024-01-01 06:49:40,0.08,0.10555555555555556,,1.0416666666666665,1.2666666666666668,0.10555555555555556,0.0,True,98,3,1,True,False,terminal
Ferrara,E1,42,Hotelling T²,hotelling_t2,aggregate,20,1.67,2024-01-01 06:44:40,2024-01-01 06:49:40,0.08,0.7444444444444445,,4.166666666666666,8.933333333333334,0.7444444444444445,0.0,True,98,3,1,True,False,terminal
Ferrara,E1,42,Isolation Forest,isolation_forest,aggregate,20,1.67,2024-01-01 06:44:40,2024-01-01 06:49:40,0.08,0.13333333333333333,,2.083333333333333,1.6,0.13333333333333333,0.0,True,98,3,1,True,False,terminal
Ferrara,E1,42,Deep SVDD,deep_svdd,aggregate,20,1.67,2024-01-01 06:44:40,2024-01-01 06:49:40,0.08,0.05,0.03333333333333333,0.0,0.6000000000000001,0.05,0.0,True,98,3,1,True,False,terminal
Ferrara,E1,42,LSTM-Autoencoder,lstm_ae,aggregate,20,1.67,2024-01-01 06:44:40,2024-01-01 06:49:40,0.08,1.3833333333333333,,2.083333333333333,16.6,1.3833333333333333,0.0,True,98,3,1,True,False,terminal
Ferrara,E1,42,TCN-Autoencoder,tcn,aggregate,20,1.67,2024-01-01 06:44:40,2024-01-01 06:49:40,0.08,1.3833333333333333,,2.083333333333333,16.6,1.3833333333333333,0.0,True,98,3,1,True,False,terminal
Ferrara,E1,42,Transformer-AD,transformer_ad,aggregate,20,1.67,2024-01-01 06:44:40,2024-01-01 06:49:40,0.08,0.10555555555555556,,1.0416666666666665,1.2666666666666668,0.10555555555555556,0.0,True,98,3,1,True,False,terminal
Ferrara,E1,42,RMS-Trend (kσ),rms_trend,decimate,1,0.08,2024-01-01 06:44:40,2024-01-01 06:49:40,0.08,0.03611111111111111,0.04722222222222222,0.0,0.4333333333333333,0.03611111111111111,0.0,True,393,10,3,False,False,terminal
Ferrara,E1,42,3σ Rule (σ=3.0),three_sigma,decimate,1,0.08,2024-01-01 06:44:40,2024-01-01 06:49:40,0.08,0.08472222222222223,,0.2617801047120419,1.0166666666666668,0.08472222222222223,0.0,True,393,10,3,False,False,terminal
Ferrara,E1,42,"EWMA (λ=0.2, k=3.0)",ewma,decimate,1,0.08,2024-01-01 06:44:40,2024-01-01 06:49:40,0.08,0.08472222222222223,,0.2617801047120419,1.0166666666666668,0.08472222222222223,0.0,True,393,10,3,False,False,terminal
Ferrara,E1,42,"CUSUM (k=0.5, h=5.0)",cusum,decimate,1,0.08,2024-01-01 06:44:40,2024-01-01 06:49:40,0.08,0.07083333333333333,0.0125,0.0,0.85,0.07083333333333333,0.0,True,393,10,3,False,False,terminal
Ferrara,E1,42,Hotelling T²,hotelling_t2,decimate,1,0.08,2024-01-01 06:44:40,2024-01-01 06:49:40,0.08,0.08472222222222223,,0.2617801047120419,1.0166666666666668,0.08472222222222223,0.0,True,393,10,3,False,False,terminal
Ferrara,E1,42,Isolation Forest,isolation_forest,decimate,1,0.08,2024-01-01 06:44:40,2024-01-01 06:49:40,0.08,0.08472222222222223,,0.2617801047120419,1.0166666666666668,0.08472222222222223,0.0,True,393,10,3,False,False,terminal
Ferrara,E1,42,Deep SVDD,deep_svdd,decimate,1,0.08,2024-01-01 06:44:40,2024-01-01 06:49:40,0.08,0.0,,0.0,0.0,0.0,0.0,False,393,10,3,False,False,terminal
Ferrara,E1,42,LSTM-Autoencoder,lstm_ae,decimate,1,0.08,2024-01-01 06:44:40,2024-01-01 06:49:40,0.08,2.286111111111111,,8.115183246073299,27.433333333333334,2.286111111111111,0.0,True,393,10,3,False,False,terminal
Ferrara,E1,42,TCN-Autoencoder,tcn,decimate,1,0.08,2024-01-01 06:44:40,2024-01-01 06:49:40,0.08,2.2930555555555556,,30.36649214659686,27.51666666666667,2.2930555555555556,0.0,False,393,10,3,False,False,terminal
Ferrara,E1,42,Transformer-AD,transformer_ad,decimate,1,0.08,2024-01-01 06:44:40,2024-01-01 06:49:40,0.08,2.286111111111111,,4.18848167539267,27.433333333333334,2.286111111111111,0.0,True,393,10,3,False,False,terminal
Ferrara,E1,42,RMS-Trend (kσ),rms_trend,decimate,2,0.17,2024-01-01 06:44:40,2024-01-01 06:49:40,0.08,0.022222222222222223,0.06111111111111111,0.0,0.2666666666666667,0.022222222222222223,0.0,True,492,5,4,False,False,terminal
Ferrara,E1,42,3σ Rule (σ=3.0),three_sigma,decimate,2,0.17,2024-01-01 06:44:40,2024-01-01 06:49:40,0.08,0.08888888888888889,,0.20964360587002098,1.0666666666666669,0.08888888888888889,0.0,True,492,5,4,False,False,terminal
Ferrara,E1,42,"EWMA (λ=0.2, k=3.0)",ewma,decimate,2,0.17,2024-01-01 06:44:40,2024-01-01 06:49:40,0.08,0.08333333333333333,0.0,0.0,1.0,0.08333333333333333,0.0,True,492,5,4,False,False,terminal
Ferrara,E1,42,"CUSUM (k=0.5, h=5.0)",cusum,decimate,2,0.17,2024-01-01 06:44:40,2024-01-01 06:49:40,0.08,0.07222222222222222,0.011111111111111112,0.0,0.8666666666666666,0.07222222222222222,0.0,True,492,5,4,False,False,terminal
Ferrara,E1,42,Hotelling T²,hotelling_t2,decimate,2,0.17,2024-01-01 06:44:40,2024-01-01 06:49:40,0.08,0.08888888888888889,,0.20964360587002098,1.0666666666666669,0.08888888888888889,0.0,True,492,5,4,False,False,terminal
Ferrara,E1,42,Isolation Forest,isolation_forest,decimate,2,0.17,2024-01-01 06:44:40,2024-01-01 06:49:40,0.08,0.08888888888888889,,0.20964360587002098,1.0666666666666669,0.08888888888888889,0.0,True,492,5,4,False,False,terminal
Ferrara,E1,42,Deep SVDD,deep_svdd,decimate,2,0.17,2024-01-01 06:44:40,2024-01-01 06:49:40,0.08,0.0,,0.0,0.0,0.0,0.0,False,492,5,4,False,False,terminal
Ferrara,E1,42,LSTM-Autoencoder,lstm_ae,decimate,2,0.17,2024-01-01 06:44:40,2024-01-01 06:49:40,0.08,2.0388888888888888,,14.046121593291405,24.466666666666665,2.0388888888888888,0.0,False,492,5,4,False,False,terminal
Ferrara,E1,42,TCN-Autoencoder,tcn,decimate,2,0.17,2024-01-01 06:44:40,2024-01-01 06:49:40,0.08,2.272222222222222,,33.75262054507338,27.266666666666666,2.272222222222222,0.0,False,492,5,4,False,False,terminal
Ferrara,E1,42,Transformer-AD,transformer_ad,decimate,2,0.17,2024-01-01 06:44:40,2024-01-01 06:49:40,0.08,1.8555555555555556,,6.289308176100629,22.26666666666667,1.8555555555555556,0.0,True,492,5,4,False,False,terminal
Ferrara,E1,42,RMS-Trend (kσ),rms_trend,decimate,5,0.42,2024-01-01 06:44:40,2024-01-01 06:49:40,0.08,0.08472222222222223,,0.2617801047120419,1.0166666666666668,0.08472222222222223,0.0,True,393,3,2,True,False,terminal
Ferrara,E1,42,3σ Rule (σ=3.0),three_sigma,decimate,5,0.42,2024-01-01 06:44:40,2024-01-01 06:49:40,0.08,2.3,,2.094240837696335,27.599999999999998,2.3,0.0,True,393,3,2,True,False,terminal
Ferrara,E1,42,"EWMA (λ=0.2, k=3.0)",ewma,decimate,5,0.42,2024-01-01 06:44:40,2024-01-01 06:49:40,0.08,2.286111111111111,,1.5706806282722512,27.433333333333334,2.286111111111111,0.0,True,393,3,2,True,False,terminal
Ferrara,E1,42,"CUSUM (k=0.5, h=5.0)",cusum,decimate,5,0.42,2024-01-01 06:44:40,2024-01-01 06:49:40,0.08,0.07777777777777778,0.005555555555555556,0.0,0.9333333333333333,0.07777777777777778,0.0,True,393,3,2,True,False,terminal
Ferrara,E1,42,Hotelling T²,hotelling_t2,decimate,5,0.42,2024-01-01 06:44:40,2024-01-01 06:49:40,0.08,2.6333333333333333,,3.664921465968586,31.6,0.0,15.0,True,393,3,2,True,False,terminal
Ferrara,E1,42,Isolation Forest,isolation_forest,decimate,5,0.42,2024-01-01 06:44:40,2024-01-01 06:49:40,0.08,2.3,,2.6178010471204187,27.599999999999998,2.3,0.0,True,393,3,2,True,False,terminal
Ferrara,E1,42,Deep SVDD,deep_svdd,decimate,5,0.42,2024-01-01 06:44:40,2024-01-01 06:49:40,0.08,0.015277777777777777,0.06805555555555555,0.0,0.18333333333333335,0.015277777777777777,0.0,True,393,3,2,True,False,terminal
Ferrara,E1,42,LSTM-Autoencoder,lstm_ae,decimate,5,0.42,2024-01-01 06:44:40,2024-01-01 06:49:40,0.08,2.3,,15.44502617801047,27.599999999999998,2.3,0.0,False,393,3,2,True,False,terminal
Ferrara,E1,42,TCN-Autoencoder,tcn,decimate,5,0.42,2024-01-01 06:44:40,2024-01-01 06:49:40,0.08,2.452777777777778,,26.701570680628272,29.433333333333337,2.452777777777778,0.0,False,393,3,2,True,False,terminal
Ferrara,E1,42,Transformer-AD,transformer_ad,decimate,5,0.42,2024-01-01 06:44:40,2024-01-01 06:49:40,0.08,2.3,,15.706806282722512,27.599999999999998,2.3,0.0,False,393,3,2,True,False,terminal
Ferrara,E1,42,RMS-Trend (kσ),rms_trend,decimate,10,0.83,2024-01-01 06:44:40,2024-01-01 06:49:40,0.08,0.022222222222222223,0.06111111111111111,0.0,0.2666666666666667,0.022222222222222223,0.0,True,196,3,1,True,False,terminal
Ferrara,E1,42,3σ Rule (σ=3.0),three_sigma,decimate,10,0.83,2024-01-01 06:44:40,2024-01-01 06:49:40,0.08,2.2583333333333333,,3.1413612565445024,27.1,2.2583333333333333,0.0,True,196,3,1,True,False,terminal
Ferrara,E1,42,"EWMA (λ=0.2, k=3.0)",ewma,decimate,10,0.83,2024-01-01 06:44:40,2024-01-01 06:49:40,0.08,1.8416666666666666,,2.094240837696335,22.1,1.8416666666666666,0.0,True,196,3,1,True,False,terminal
Ferrara,E1,42,"CUSUM (k=0.5, h=5.0)",cusum,decimate,10,0.83,2024-01-01 06:44:40,2024-01-01 06:49:40,0.08,0.07777777777777778,0.005555555555555556,0.0,0.9333333333333333,0.07777777777777778,0.0,True,196,3,1,True,False,terminal
Ferrara,E1,42,Hotelling T²,hotelling_t2,decimate,10,0.83,2024-01-01 06:44:40,2024-01-01 06:49:40,0.08,2.286111111111111,,5.7591623036649215,27.433333333333334,2.286111111111111,0.0,True,196,3,1,True,False,terminal
Ferrara,E1,42,Isolation Forest,isolation_forest,decimate,10,0.83,2024-01-01 06:44:40,2024-01-01 06:49:40,0.08,2.286111111111111,,4.712041884816754,27.433333333333334,2.286111111111111,0.0,True,196,3,1,True,False,terminal
Ferrara,E1,42,Deep SVDD,deep_svdd,decimate,10,0.83,2024-01-01 06:44:40,2024-01-01 06:49:40,0.08,0.022222222222222223,0.06111111111111111,0.0,0.2666666666666667,0.022222222222222223,0.0,True,196,3,1,True,False,terminal
Ferrara,E1,42,LSTM-Autoencoder,lstm_ae,decimate,10,0.83,2024-01-01 06:44:40,2024-01-01 06:49:40,0.08,2.063888888888889,,26.17801047120419,24.76666666666667,2.063888888888889,0.0,False,196,3,1,True,False,terminal
Ferrara,E1,42,TCN-Autoencoder,tcn,decimate,10,0.83,2024-01-01 06:44:40,2024-01-01 06:49:40,0.08,2.147222222222222,,43.455497382198956,25.766666666666666,2.147222222222222,0.0,False,196,3,1,True,False,terminal
Ferrara,E1,42,Transformer-AD,transformer_ad,decimate,10,0.83,2024-01-01 06:44:40,2024-01-01 06:49:40,0.08,1.9388888888888889,,23.56020942408377,23.26666666666667,1.9388888888888889,0.0,False,196,3,1,True,False,terminal
Ferrara,E1,42,RMS-Trend (kσ),rms_trend,decimate,20,1.67,2024-01-01 06:44:40,2024-01-01 06:49:40,0.08,0.05,0.03333333333333333,0.0,0.6000000000000001,0.05,0.0,True,98,3,1,True,False,terminal
Ferrara,E1,42,3σ Rule (σ=3.0),three_sigma,decimate,20,1.67,2024-01-01 06:44:40,2024-01-01 06:49:40,0.08,1.8833333333333333,,4.166666666666666,22.6,1.8833333333333333,0.0,True,98,3,1,True,False,terminal
Ferrara,E1,42,"EWMA (λ=0.2, k=3.0)",ewma,decimate,20,1.67,2024-01-01 06:44:40,2024-01-01 06:49:40,0.08,1.8277777777777777,,3.125,21.933333333333334,1.8277777777777777,0.0,True,98,3,1,True,False,terminal
Ferrara,E1,42,"CUSUM (k=0.5, h=5.0)",cusum,decimate,20,1.67,2024-01-01 06:44:40,2024-01-01 06:49:40,0.08,0.07777777777777778,0.005555555555555556,0.0,0.9333333333333333,0.07777777777777778,0.0,True,98,3,1,True,False,terminal
Ferrara,E1,42,Hotelling T²,hotelling_t2,decimate,20,1.67,2024-01-01 06:44:40,2024-01-01 06:49:40,0.08,2.3,,7.291666666666667,27.599999999999998,2.3,0.0,True,98,3,1,True,False,terminal
Ferrara,E1,42,Isolation Forest,isolation_forest,decimate,20,1.67,2024-01-01 06:44:40,2024-01-01 06:49:40,0.08,1.8277777777777777,,2.083333333333333,21.933333333333334,1.8277777777777777,0.0,True,98,3,1,True,False,terminal
Ferrara,E1,42,Deep SVDD,deep_svdd,decimate,20,1.67,2024-01-01 06:44:40,2024-01-01 06:49:40,0.08,0.05,0.03333333333333333,0.0,0.6000000000000001,0.05,0.0,True,98,3,1,True,False,terminal
Ferrara,E1,42,LSTM-Autoencoder,lstm_ae,decimate,20,1.67,2024-01-01 06:44:40,2024-01-01 06:49:40,0.08,1.8833333333333333,,34.375,22.6,1.8833333333333333,0.0,False,98,3,1,True,False,terminal
Ferrara,E1,42,TCN-Autoencoder,tcn,decimate,20,1.67,2024-01-01 06:44:40,2024-01-01 06:49:40,0.08,1.8555555555555556,,32.29166666666667,22.26666666666667,1.8555555555555556,0.0,False,98,3,1,True,False,terminal
Ferrara,E1,42,Transformer-AD,transformer_ad,decimate,20,1.67,2024-01-01 06:44:40,2024-01-01 06:49:40,0.08,1.8277777777777777,,22.916666666666664,21.933333333333334,1.8277777777777777,0.0,False,98,3,1,True,False,terminal
Ferrara,E2,42,RMS-Trend (kσ),rms_trend,aggregate,1,0.08,2024-01-01 02:39:20,2024-01-01 02:45:20,0.1,0.10277777777777777,,0.6896551724137931,1.0277777777777777,0.10277777777777777,0.0,True,159,10,3,False,False,terminal
Ferrara,E2,42,3σ Rule (σ=3.0),three_sigma,aggregate,1,0.08,2024-01-01 02:39:20,2024-01-01 02:45:20,0.1,0.10972222222222222,,1.3793103448275863,1.097222222222222,0.10972222222222222,0.0,True,159,10,3,False,False,terminal
Ferrara,E2,42,"EWMA (λ=0.2, k=3.0)",ewma,aggregate,1,0.08,2024-01-01 02:39:20,2024-01-01 02:45:20,0.1,0.10972222222222222,,1.3793103448275863,1.097222222222222,0.10972222222222222,0.0,True,159,10,3,False,False,terminal
Ferrara,E2,42,"CUSUM (k=0.5, h=5.0)",cusum,aggregate,1,0.08,2024-01-01 02:39:20,2024-01-01 02:45:20,0.1,0.10277777777777777,,0.6896551724137931,1.0277777777777777,0.10277777777777777,0.0,True,159,10,3,False,False,terminal
Ferrara,E2,42,Hotelling T²,hotelling_t2,aggregate,1,0.08,2024-01-01 02:39:20,2024-01-01 02:45:20,0.1,0.10972222222222222,,1.3793103448275863,1.097222222222222,0.10972222222222222,0.0,True,159,10,3,False,False,terminal
Ferrara,E2,42,Isolation Forest,isolation_forest,aggregate,1,0.08,2024-01-01 02:39:20,2024-01-01 02:45:20,0.1,0.8180555555555555,,4.137931034482759,8.180555555555555,0.8180555555555555,0.0,True,159,10,3,False,False,terminal
Ferrara,E2,42,Deep SVDD,deep_svdd,aggregate,1,0.08,2024-01-01 02:39:20,2024-01-01 02:45:20,0.1,0.0,,0.0,0.0,0.0,0.0,False,159,10,3,False,False,terminal
Ferrara,E2,42,LSTM-Autoencoder,lstm_ae,aggregate,1,0.08,2024-01-01 02:39:20,2024-01-01 02:45:20,0.1,0.8527777777777777,,75.17241379310344,8.527777777777777,0.8527777777777777,0.0,False,159,10,3,False,False,terminal
Ferrara,E2,42,TCN-Autoencoder,tcn,aggregate,1,0.08,2024-01-01 02:39:20,2024-01-01 02:45:20,0.1,0.8944444444444445,,79.3103448275862,8.944444444444445,0.8944444444444445,0.0,False,159,10,3,False,False,terminal
Ferrara,E2,42,Transformer-AD,transformer_ad,aggregate,1,0.08,2024-01-01 02:39:20,2024-01-01 02:45:20,0.1,0.7763888888888889,,64.13793103448275,7.763888888888888,0.7763888888888889,0.0,False,159,10,3,False,False,terminal
Ferrara,E2,42,RMS-Trend (kσ),rms_trend,aggregate,2,0.17,2024-01-01 02:39:20,2024-01-01 02:45:20,0.1,0.022222222222222223,0.07777777777777778,0.0,0.2222222222222222,0.022222222222222223,0.0,True,198,5,4,False,False,terminal
Ferrara,E2,42,3σ Rule (σ=3.0),three_sigma,aggregate,2,0.17,2024-01-01 02:39:20,2024-01-01 02:45:20,0.1,0.1111111111111111,,1.1111111111111112,1.111111111111111,0.1111111111111111,0.0,True,198,5,4,False,False,terminal
Ferrara,E2,42,"EWMA (λ=0.2, k=3.0)",ewma,aggregate,2,0.17,2024-01-01 02:39:20,2024-01-01 02:45:20,0.1,0.1111111111111111,,1.1111111111111112,1.111111111111111,0.1111111111111111,0.0,True,198,5,4,False,False,terminal
Ferrara,E2,42,"CUSUM (k=0.5, h=5.0)",cusum,aggregate,2,0.17,2024-01-01 02:39:20,2024-01-01 02:45:20,0.1,0.1,0.0,0.0,1.0,0.1,0.0,True,198,5,4,False,False,terminal
Ferrara,E2,42,Hotelling T²,hotelling_t2,aggregate,2,0.17,2024-01-01 02:39:20,2024-01-01 02:45:20,0.1,0.1111111111111111,,1.1111111111111112,1.111111111111111,0.1111111111111111,0.0,True,198,5,4,False,False,terminal
Ferrara,E2,42,Isolation Forest,isolation_forest,aggregate,2,0.17,2024-01-01 02:39:20,2024-01-01 02:45:20,0.1,0.1111111111111111,,1.1111111111111112,1.111111111111111,0.1111111111111111,0.0,True,198,5,4,False,False,terminal
Ferrara,E2,42,Deep SVDD,deep_svdd,aggregate,2,0.17,2024-01-01 02:39:20,2024-01-01 02:45:20,0.1,0.0,,0.0,0.0,0.0,0.0,False,198,5,4,False,False,terminal
Ferrara,E2,42,LSTM-Autoencoder,lstm_ae,aggregate,2,0.17,2024-01-01 02:39:20,2024-01-01 02:45:20,0.1,0.9222222222222223,,82.22222222222221,9.222222222222221,0.9222222222222223,0.0,False,198,5,4,False,False,terminal
Ferrara,E2,42,TCN-Autoencoder,tcn,aggregate,2,0.17,2024-01-01 02:39:20,2024-01-01 02:45:20,0.1,1.1,,100.0,11.0,0.0,100.0,False,198,5,4,False,False,terminal
Ferrara,E2,42,Transformer-AD,transformer_ad,aggregate,2,0.17,2024-01-01 02:39:20,2024-01-01 02:45:20,0.1,0.7111111111111111,,61.111111111111114,7.111111111111111,0.7111111111111111,0.0,False,198,5,4,False,False,terminal
Ferrara,E2,42,RMS-Trend (kσ),rms_trend,aggregate,5,0.42,2024-01-01 02:39:20,2024-01-01 02:45:20,0.1,0.10972222222222222,,1.3793103448275863,1.097222222222222,0.10972222222222222,0.0,True,158,3,2,True,False,terminal
Ferrara,E2,42,3σ Rule (σ=3.0),three_sigma,aggregate,5,0.42,2024-01-01 02:39:20,2024-01-01 02:45:20,0.1,0.825,,4.137931034482759,8.249999999999998,0.825,0.0,True,158,3,2,True,False,terminal
Ferrara,E2,42,"EWMA (λ=0.2, k=3.0)",ewma,aggregate,5,0.42,2024-01-01 02:39:20,2024-01-01 02:45:20,0.1,0.10972222222222222,,1.3793103448275863,1.097222222222222,0.10972222222222222,0.0,True,158,3,2,True,False,terminal
Ferrara,E2,42,"CUSUM (k=0.5, h=5.0)",cusum,aggregate,5,0.42,2024-01-01 02:39:20,2024-01-01 02:45:20,0.1,0.10972222222222222,,1.3793103448275863,1.097222222222222,0.10972222222222222,0.0,True,158,3,2,True,False,terminal
Ferrara,E2,42,Hotelling T²,hotelling_t2,aggregate,5,0.42,2024-01-01 02:39:20,2024-01-01 02:45:20,0.1,0.825,,4.137931034482759,8.249999999999998,0.825,0.0,True,158,3,2,True,False,terminal
Ferrara,E2,42,Isolation Forest,isolation_forest,aggregate,5,0.42,2024-01-01 02:39:20,2024-01-01 02:45:20,0.1,0.8111111111111111,,3.4482758620689653,8.11111111111111,0.8111111111111111,0.0,True,158,3,2,True,False,terminal
Ferrara,E2,42,Deep SVDD,deep_svdd,aggregate,5,0.42,2024-01-01 02:39:20,2024-01-01 02:45:20,0.1,0.019444444444444445,0.08055555555555556,0.0,0.19444444444444445,0.019444444444444445,0.0,True,158,3,2,True,False,terminal
Ferrara,E2,42,LSTM-Autoencoder,lstm_ae,aggregate,5,0.42,2024-01-01 02:39:20,2024-01-01 02:45:20,0.1,0.8736111111111111,,77.24137931034483,8.73611111111111,0.8736111111111111,0.0,False,158,3,2,True,False,terminal
Ferrara,E2,42,TCN-Autoencoder,tcn,aggregate,5,0.42,2024-01-01 02:39:20,2024-01-01 02:45:20,0.1,1.1027777777777779,,100.0,11.027777777777779,0.0,100.0,False,158,3,2,True,False,terminal
Ferrara,E2,42,Transformer-AD,transformer_ad,aggregate,5,0.42,2024-01-01 02:39:20,2024-01-01 02:45:20,0.1,0.7416666666666667,,64.13793103448275,7.416666666666667,0.7416666666666667,0.0,False,158,3,2,True,False,terminal
Ferrara,E2,42,RMS-Trend (kσ),rms_trend,aggregate,10,0.83,2024-01-01 02:39:20,2024-01-01 02:45:20,0.1,0.11666666666666667,,2.73972602739726,1.1666666666666665,0.11666666666666667,0.0,True,79,3,1,True,False,terminal
Ferrara,E2,42,3σ Rule (σ=3.0),three_sigma,aggregate,10,0.83,2024-01-01 02:39:20,2024-01-01 02:45:20,0.1,0.8388888888888889,,5.47945205479452,8.38888888888889,0.8388888888888889,0.0,True,79,3,1,True,False,terminal
Ferrara,E2,42,"EWMA (λ=0.2, k=3.0)",ewma,aggregate,10,0.83,2024-01-01 02:39:20,2024-01-01 02:45:20,0.1,0.11666666666666667,,2.73972602739726,1.1666666666666665,0.11666666666666667,0.0,True,79,3,1,True,False,terminal
Ferrara,E2,42,"CUSUM (k=0.5, h=5.0)",cusum,aggregate,10,0.83,2024-01-01 02:39:20,2024-01-01 02:45:20,0.1,0.11666666666666667,,2.73972602739726,1.1666666666666665,0.11666666666666667,0.0,True,79,3,1,True,False,terminal
Ferrara,E2,42,Hotelling T²,hotelling_t2,aggregate,10,0.83,2024-01-01 02:39:20,2024-01-01 02:45:20,0.1,1.0611111111111111,,9.58904109589041,10.61111111111111,0.0,25.0,True,79,3,1,True,False,terminal
Ferrara,E2,42,Isolation Forest,isolation_forest,aggregate,10,0.83,2024-01-01 02:39:20,2024-01-01 02:45:20,0.1,0.11666666666666667,,2.73972602739726,1.1666666666666665,0.11666666666666667,0.0,True,79,3,1,True,False,terminal
Ferrara,E2,42,Deep SVDD,deep_svdd,aggregate,10,0.83,2024-01-01 02:39:20,2024-01-01 02:45:20,0.1,0.019444444444444445,0.08055555555555556,0.0,0.19444444444444445,0.019444444444444445,0.0,True,79,3,1,True,False,terminal
Ferrara,E2,42,LSTM-Autoencoder,lstm_ae,aggregate,10,0.83,2024-01-01 02:39:20,2024-01-01 02:45:20,0.1,1.1027777777777779,,100.0,11.027777777777779,0.0,100.0,False,79,3,1,True,False,terminal
Ferrara,E2,42,TCN-Autoencoder,tcn,aggregate,10,0.83,2024-01-01 02:39:20,2024-01-01 02:45:20,0.1,1.1027777777777779,,100.0,11.027777777777779,0.0,100.0,False,79,3,1,True,False,terminal
Ferrara,E2,42,Transformer-AD,transformer_ad,aggregate,10,0.83,2024-01-01 02:39:20,2024-01-01 02:45:20,0.1,0.49166666666666664,,39.726027397260275,4.916666666666666,0.49166666666666664,0.0,False,79,3,1,True,False,terminal
Ferrara,E2,42,RMS-Trend (kσ),rms_trend,aggregate,20,1.67,2024-01-01 02:39:20,2024-01-01 02:45:20,0.1,0.11666666666666667,,2.7027027027027026,1.1666666666666665,0.11666666666666667,0.0,True,40,3,1,True,False,terminal
Ferrara,E2,42,3σ Rule (σ=3.0),three_sigma,aggregate,20,1.67,2024-01-01 02:39:20,2024-01-01 02:45:20,0.1,0.14444444444444443,,5.405405405405405,1.4444444444444442,0.14444444444444443,0.0,True,40,3,1,True,False,terminal
Ferrara,E2,42,"EWMA (λ=0.2, k=3.0)",ewma,aggregate,20,1.67,2024-01-01 02:39:20,2024-01-01 02:45:20,0.1,0.14444444444444443,,5.405405405405405,1.4444444444444442,0.14444444444444443,0.0,True,40,3,1,True,False,terminal
Ferrara,E2,42,"CUSUM (k=0.5, h=5.0)",cusum,aggregate,20,1.67,2024-01-01 02:39:20,2024-01-01 02:45:20,0.1,0.14444444444444443,,5.405405405405405,1.4444444444444442,0.14444444444444443,0.0,True,40,3,1,True,False,terminal
Ferrara,E2,42,Hotelling T²,hotelling_t2,aggregate,20,1.67,2024-01-01 02:39:20,2024-01-01 02:45:20,0.1,0.9777777777777777,,21.62162162162162,9.777777777777777,0.9777777777777777,0.0,False,40,3,1,True,False,terminal
Ferrara,E2,42,Isolation Forest,isolation_forest,aggregate,20,1.67,2024-01-01 02:39:20,2024-01-01 02:45:20,0.1,0.14444444444444443,,5.405405405405405,1.4444444444444442,0.14444444444444443,0.0,True,40,3,1,True,False,terminal
Ferrara,E2,42,Deep SVDD,deep_svdd,aggregate,20,1.67,2024-01-01 02:39:20,2024-01-01 02:45:20,0.1,0.03333333333333333,0.06666666666666667,0.0,0.3333333333333333,0.03333333333333333,0.0,True,40,3,1,True,False,terminal
Ferrara,E2,42,LSTM-Autoencoder,lstm_ae,aggregate,20,1.67,2024-01-01 02:39:20,2024-01-01 02:45:20,0.1,1.1166666666666667,,100.0,11.166666666666666,0.0,100.0,False,40,3,1,True,False,terminal
Ferrara,E2,42,TCN-Autoencoder,tcn,aggregate,20,1.67,2024-01-01 02:39:20,2024-01-01 02:45:20,0.1,1.1166666666666667,,100.0,11.166666666666666,0.0,100.0,False,40,3,1,True,False,terminal
Ferrara,E2,42,Transformer-AD,transformer_ad,aggregate,20,1.67,2024-01-01 02:39:20,2024-01-01 02:45:20,0.1,1.1166666666666667,,100.0,11.166666666666666,0.0,100.0,False,40,3,1,True,False,terminal
Ferrara,E2,42,RMS-Trend (kσ),rms_trend,decimate,1,0.08,2024-01-01 02:39:20,2024-01-01 02:45:20,0.1,0.10277777777777777,,0.6896551724137931,1.0277777777777777,0.10277777777777777,0.0,True,159,10,3,False,False,terminal
Ferrara,E2,42,3σ Rule (σ=3.0),three_sigma,decimate,1,0.08,2024-01-01 02:39:20,2024-01-01 02:45:20,0.1,0.10972222222222222,,1.3793103448275863,1.097222222222222,0.10972222222222222,0.0,True,159,10,3,False,False,terminal
Ferrara,E2,42,"EWMA (λ=0.2, k=3.0)",ewma,decimate,1,0.08,2024-01-01 02:39:20,2024-01-01 02:45:20,0.1,0.10972222222222222,,1.3793103448275863,1.097222222222222,0.10972222222222222,0.0,True,159,10,3,False,False,terminal
Ferrara,E2,42,"CUSUM (k=0.5, h=5.0)",cusum,decimate,1,0.08,2024-01-01 02:39:20,2024-01-01 02:45:20,0.1,0.10277777777777777,,0.6896551724137931,1.0277777777777777,0.10277777777777777,0.0,True,159,10,3,False,False,terminal
Ferrara,E2,42,Hotelling T²,hotelling_t2,decimate,1,0.08,2024-01-01 02:39:20,2024-01-01 02:45:20,0.1,0.10972222222222222,,1.3793103448275863,1.097222222222222,0.10972222222222222,0.0,True,159,10,3,False,False,terminal
Ferrara,E2,42,Isolation Forest,isolation_forest,decimate,1,0.08,2024-01-01 02:39:20,2024-01-01 02:45:20,0.1,0.8180555555555555,,4.137931034482759,8.180555555555555,0.8180555555555555,0.0,True,159,10,3,False,False,terminal
Ferrara,E2,42,Deep SVDD,deep_svdd,decimate,1,0.08,2024-01-01 02:39:20,2024-01-01 02:45:20,0.1,0.0,,0.0,0.0,0.0,0.0,False,159,10,3,False,False,terminal
Ferrara,E2,42,LSTM-Autoencoder,lstm_ae,decimate,1,0.08,2024-01-01 02:39:20,2024-01-01 02:45:20,0.1,0.8527777777777777,,75.17241379310344,8.527777777777777,0.8527777777777777,0.0,False,159,10,3,False,False,terminal
Ferrara,E2,42,TCN-Autoencoder,tcn,decimate,1,0.08,2024-01-01 02:39:20,2024-01-01 02:45:20,0.1,0.8944444444444445,,79.3103448275862,8.944444444444445,0.8944444444444445,0.0,False,159,10,3,False,False,terminal
Ferrara,E2,42,Transformer-AD,transformer_ad,decimate,1,0.08,2024-01-01 02:39:20,2024-01-01 02:45:20,0.1,0.7763888888888889,,64.13793103448275,7.763888888888888,0.7763888888888889,0.0,False,159,10,3,False,False,terminal
Ferrara,E2,42,RMS-Trend (kσ),rms_trend,decimate,2,0.17,2024-01-01 02:39:20,2024-01-01 02:45:20,0.1,0.0,,0.0,0.0,0.0,0.0,False,198,5,4,False,False,terminal
Ferrara,E2,42,3σ Rule (σ=3.0),three_sigma,decimate,2,0.17,2024-01-01 02:39:20,2024-01-01 02:45:20,0.1,0.1111111111111111,,1.1111111111111112,1.111111111111111,0.1111111111111111,0.0,True,198,5,4,False,False,terminal
Ferrara,E2,42,"EWMA (λ=0.2, k=3.0)",ewma,decimate,2,0.17,2024-01-01 02:39:20,2024-01-01 02:45:20,0.1,0.10555555555555556,,0.5555555555555556,1.0555555555555556,0.10555555555555556,0.0,True,198,5,4,False,False,terminal
Ferrara,E2,42,"CUSUM (k=0.5, h=5.0)",cusum,decimate,2,0.17,2024-01-01 02:39:20,2024-01-01 02:45:20,0.1,0.1,0.0,0.0,1.0,0.1,0.0,True,198,5,4,False,False,terminal
Ferrara,E2,42,Hotelling T²,hotelling_t2,decimate,2,0.17,2024-01-01 02:39:20,2024-01-01 02:45:20,0.1,0.1111111111111111,,1.1111111111111112,1.111111111111111,0.1111111111111111,0.0,True,198,5,4,False,False,terminal
Ferrara,E2,42,Isolation Forest,isolation_forest,decimate,2,0.17,2024-01-01 02:39:20,2024-01-01 02:45:20,0.1,0.1111111111111111,,1.1111111111111112,1.111111111111111,0.1111111111111111,0.0,True,198,5,4,False,False,terminal
Ferrara,E2,42,Deep SVDD,deep_svdd,decimate,2,0.17,2024-01-01 02:39:20,2024-01-01 02:45:20,0.1,0.0,,0.0,0.0,0.0,0.0,False,198,5,4,False,False,terminal
Ferrara,E2,42,LSTM-Autoencoder,lstm_ae,decimate,2,0.17,2024-01-01 02:39:20,2024-01-01 02:45:20,0.1,1.1,,100.0,11.0,0.0,100.0,False,198,5,4,False,False,terminal
Ferrara,E2,42,TCN-Autoencoder,tcn,decimate,2,0.17,2024-01-01 02:39:20,2024-01-01 02:45:20,0.1,1.1,,100.0,11.0,0.0,100.0,False,198,5,4,False,False,terminal
Ferrara,E2,42,Transformer-AD,transformer_ad,decimate,2,0.17,2024-01-01 02:39:20,2024-01-01 02:45:20,0.1,0.7222222222222222,,62.22222222222222,7.222222222222221,0.7222222222222222,0.0,False,198,5,4,False,False,terminal
Ferrara,E2,42,RMS-Trend (kσ),rms_trend,decimate,5,0.42,2024-01-01 02:39:20,2024-01-01 02:45:20,0.1,0.09583333333333334,0.004166666666666667,0.0,0.9583333333333334,0.09583333333333334,0.0,True,158,3,2,True,False,terminal
Ferrara,E2,42,3σ Rule (σ=3.0),three_sigma,decimate,5,0.42,2024-01-01 02:39:20,2024-01-01 02:45:20,0.1,0.10972222222222222,,1.3793103448275863,1.097222222222222,0.10972222222222222,0.0,True,158,3,2,True,False,terminal
Ferrara,E2,42,"EWMA (λ=0.2, k=3.0)",ewma,decimate,5,0.42,2024-01-01 02:39:20,2024-01-01 02:45:20,0.1,0.10972222222222222,,1.3793103448275863,1.097222222222222,0.10972222222222222,0.0,True,158,3,2,True,False,terminal
Ferrara,E2,42,"CUSUM (k=0.5, h=5.0)",cusum,decimate,5,0.42,2024-01-01 02:39:20,2024-01-01 02:45:20,0.1,0.10277777777777777,,0.6896551724137931,1.0277777777777777,0.10277777777777777,0.0,True,158,3,2,True,False,terminal
Ferrara,E2,42,Hotelling T²,hotelling_t2,decimate,5,0.42,2024-01-01 02:39:20,2024-01-01 02:45:20,0.1,0.10972222222222222,,1.3793103448275863,1.097222222222222,0.10972222222222222,0.0,True,158,3,2,True,False,terminal
Ferrara,E2,42,Isolation Forest,isolation_forest,decimate,5,0.42,2024-01-01 02:39:20,2024-01-01 02:45:20,0.1,0.6027777777777777,,3.4482758620689653,6.027777777777777,0.6027777777777777,0.0,True,158,3,2,True,False,terminal
Ferrara,E2,42,Deep SVDD,deep_svdd,decimate,5,0.42,2024-01-01 02:39:20,2024-01-01 02:45:20,0.1,0.0,,0.0,0.0,0.0,0.0,False,158,3,2,True,False,terminal
Ferrara,E2,42,LSTM-Autoencoder,lstm_ae,decimate,5,0.42,2024-01-01 02:39:20,2024-01-01 02:45:20,0.1,0.8319444444444445,,73.10344827586206,8.319444444444445,0.8319444444444445,0.0,False,158,3,2,True,False,terminal
Ferrara,E2,42,TCN-Autoencoder,tcn,decimate,5,0.42,2024-01-01 02:39:20,2024-01-01 02:45:20,0.1,0.8805555555555555,,77.93103448275862,8.805555555555555,0.8805555555555555,0.0,False,158,3,2,True,False,terminal
Ferrara,E2,42,Transformer-AD,transformer_ad,decimate,5,0.42,2024-01-01 02:39:20,2024-01-01 02:45:20,0.1,0.7902777777777777,,61.37931034482759,7.902777777777777,0.7902777777777777,0.0,False,158,3,2,True,False,terminal
Ferrara,E2,42,RMS-Trend (kσ),rms_trend,decimate,10,0.83,2024-01-01 02:39:20,2024-01-01 02:45:20,0.1,0.10277777777777777,,1.36986301369863,1.0277777777777777,0.10277777777777777,0.0,True,79,3,1,True,False,terminal
Ferrara,E2,42,3σ Rule (σ=3.0),three_sigma,decimate,10,0.83,2024-01-01 02:39:20,2024-01-01 02:45:20,0.1,0.9361111111111111,,4.10958904109589,9.36111111111111,0.9361111111111111,0.0,True,79,3,1,True,False,terminal
Ferrara,E2,42,"EWMA (λ=0.2, k=3.0)",ewma,decimate,10,0.83,2024-01-01 02:39:20,2024-01-01 02:45:20,0.1,0.11666666666666667,,2.73972602739726,1.1666666666666665,0.11666666666666667,0.0,True,79,3,1,True,False,terminal
Ferrara,E2,42,"CUSUM (k=0.5, h=5.0)",cusum,decimate,10,0.83,2024-01-01 02:39:20,2024-01-01 02:45:20,0.1,0.11666666666666667,,2.73972602739726,1.1666666666666665,0.11666666666666667,0.0,True,79,3,1,True,False,terminal
Ferrara,E2,42,Hotelling T²,hotelling_t2,decimate,10,0.83,2024-01-01 02:39:20,2024-01-01 02:45:20,0.1,0.9361111111111111,,6.8493150684931505,9.36111111111111,0.9361111111111111,0.0,True,79,3,1,True,False,terminal
Ferrara,E2,42,Isolation Forest,isolation_forest,decimate,10,0.83,2024-01-01 02:39:20,2024-01-01 02:45:20,0.1,0.11666666666666667,,2.73972602739726,1.1666666666666665,0.11666666666666667,0.0,True,79,3,1,True,False,terminal
Ferrara,E2,42,Deep SVDD,deep_svdd,decimate,10,0.83,2024-01-01 02:39:20,2024-01-01 02:45:20,0.1,0.10277777777777777,,1.36986301369863,1.0277777777777777,0.10277777777777777,0.0,True,79,3,1,True,False,terminal
Ferrara,E2,42,LSTM-Autoencoder,lstm_ae,decimate,10,0.83,2024-01-01 02:39:20,2024-01-01 02:45:20,0.1,1.1027777777777779,,100.0,11.027777777777779,0.0,100.0,False,79,3,1,True,False,terminal
Ferrara,E2,42,TCN-Autoencoder,tcn,decimate,10,0.83,2024-01-01 02:39:20,2024-01-01 02:45:20,0.1,1.1027777777777779,,100.0,11.027777777777779,0.0,100.0,False,79,3,1,True,False,terminal
Ferrara,E2,42,Transformer-AD,transformer_ad,decimate,10,0.83,2024-01-01 02:39:20,2024-01-01 02:45:20,0.1,0.21388888888888888,,12.32876712328767,2.138888888888889,0.21388888888888888,0.0,False,79,3,1,True,False,terminal
Ferrara,E2,42,RMS-Trend (kσ),rms_trend,decimate,20,1.67,2024-01-01 02:39:20,2024-01-01 02:45:20,0.1,0.08888888888888889,0.011111111111111112,0.0,0.8888888888888888,0.08888888888888889,0.0,True,40,3,1,True,False,terminal
Ferrara,E2,42,3σ Rule (σ=3.0),three_sigma,decimate,20,1.67,2024-01-01 02:39:20,2024-01-01 02:45:20,0.1,0.9222222222222223,,5.405405405405405,9.222222222222221,0.9222222222222223,0.0,True,40,3,1,True,False,terminal
Ferrara,E2,42,"EWMA (λ=0.2, k=3.0)",ewma,decimate,20,1.67,2024-01-01 02:39:20,2024-01-01 02:45:20,0.1,0.11666666666666667,,2.7027027027027026,1.1666666666666665,0.11666666666666667,0.0,True,40,3,1,True,False,terminal
Ferrara,E2,42,"CUSUM (k=0.5, h=5.0)",cusum,decimate,20,1.67,2024-01-01 02:39:20,2024-01-01 02:45:20,0.1,0.11666666666666667,,2.7027027027027026,1.1666666666666665,0.11666666666666667,0.0,True,40,3,1,True,False,terminal
Ferrara,E2,42,Hotelling T²,hotelling_t2,decimate,20,1.67,2024-01-01 02:39:20,2024-01-01 02:45:20,0.1,1.1166666666666667,,18.91891891891892,11.166666666666666,0.0,33.33333333333333,False,40,3,1,True,False,terminal
Ferrara,E2,42,Isolation Forest,isolation_forest,decimate,20,1.67,2024-01-01 02:39:20,2024-01-01 02:45:20,0.1,0.11666666666666667,,2.7027027027027026,1.1666666666666665,0.11666666666666667,0.0,True,40,3,1,True,False,terminal
Ferrara,E2,42,Deep SVDD,deep_svdd,decimate,20,1.67,2024-01-01 02:39:20,2024-01-01 02:45:20,0.1,0.08888888888888889,0.011111111111111112,0.0,0.8888888888888888,0.08888888888888889,0.0,True,40,3,1,True,False,terminal
Ferrara,E2,42,LSTM-Autoencoder,lstm_ae,decimate,20,1.67,2024-01-01 02:39:20,2024-01-01 02:45:20,0.1,1.1166666666666667,,100.0,11.166666666666666,0.0,100.0,False,40,3,1,True,False,terminal
Ferrara,E2,42,TCN-Autoencoder,tcn,decimate,20,1.67,2024-01-01 02:39:20,2024-01-01 02:45:20,0.1,1.1166666666666667,,100.0,11.166666666666666,0.0,100.0,False,40,3,1,True,False,terminal
Ferrara,E2,42,Transformer-AD,transformer_ad,decimate,20,1.67,2024-01-01 02:39:20,2024-01-01 02:45:20,0.1,1.1166666666666667,,100.0,11.166666666666666,0.0,100.0,False,40,3,1,True,False,terminal
Ferrara,E3,42,RMS-Trend (kσ),rms_trend,aggregate,1,0.08,2024-01-01 01:49:45,2024-01-01 03:18:45,1.48,0.0,,,0.0,0.0,0.0,False,191,10,3,False,False,terminal
Ferrara,E3,42,3σ Rule (σ=3.0),three_sigma,aggregate,1,0.08,2024-01-01 01:49:45,2024-01-01 03:18:45,1.48,1.3263888888888888,0.15694444444444444,,0.894194756554307,0.0,100.0,True,191,10,3,False,False,terminal
Ferrara,E3,42,"EWMA (λ=0.2, k=3.0)",ewma,aggregate,1,0.08,2024-01-01 01:49:45,2024-01-01 03:18:45,1.48,1.3194444444444444,0.1638888888888889,,0.8895131086142322,0.0,90.0,True,191,10,3,False,False,terminal
Ferrara,E3,42,"CUSUM (k=0.5, h=5.0)",cusum,aggregate,1,0.08,2024-01-01 01:49:45,2024-01-01 03:18:45,1.48,1.3125,0.17083333333333334,,0.8848314606741573,0.0,80.0,True,191,10,3,False,False,terminal
Ferrara,E3,42,Hotelling T²,hotelling_t2,aggregate,1,0.08,2024-01-01 01:49:45,2024-01-01 03:18:45,1.48,1.3263888888888888,0.15694444444444444,,0.894194756554307,0.0,100.0,True,191,10,3,False,False,terminal
Ferrara,E3,42,Isolation Forest,isolation_forest,aggregate,1,0.08,2024-01-01 01:49:45,2024-01-01 03:18:45,1.48,1.3263888888888888,0.15694444444444444,,0.894194756554307,0.0,100.0,True,191,10,3,False,False,terminal
Ferrara,E3,42,Deep SVDD,deep_svdd,aggregate,1,0.08,2024-01-01 01:49:45,2024-01-01 03:18:45,1.48,0.041666666666666664,1.4416666666666667,,0.028089887640449434,0.041666666666666664,0.0,True,191,10,3,False,False,terminal
Ferrara,E3,42,LSTM-Autoencoder,lstm_ae,aggregate,1,0.08,2024-01-01 01:49:45,2024-01-01 03:18:45,1.48,1.3263888888888888,0.15694444444444444,,0.894194756554307,0.0,100.0,True,191,10,3,False,False,terminal
Ferrara,E3,42,TCN-Autoencoder,tcn,aggregate,1,0.08,2024-01-01 01:49:45,2024-01-01 03:18:45,1.48,1.3263888888888888,0.15694444444444444,,0.894194756554307,0.0,100.0,True,191,10,3,False,False,terminal
Ferrara,E3,42,Transformer-AD,transformer_ad,aggregate,1,0.08,2024-01-01 01:49:45,2024-01-01 03:18:45,1.48,1.3263888888888888,0.15694444444444444,,0.894194756554307,0.0,100.0,True,191,10,3,False,False,terminal
Ferrara,E3,42,RMS-Trend (kσ),rms_trend,aggregate,2,0.17,2024-01-01 01:49:45,2024-01-01 03:18:45,1.48,0.0,,,0.0,0.0,0.0,False,238,5,4,False,False,terminal
Ferrara,E3,42,3σ Rule (σ=3.0),three_sigma,aggregate,2,0.17,2024-01-01 01:49:45,2024-01-01 03:18:45,1.48,1.323611111111111,0.1597222222222222,,0.8923220973782771,0.0,100.0,True,238,5,4,False,False,terminal
Ferrara,E3,42,"EWMA (λ=0.2, k=3.0)",ewma,aggregate,2,0.17,2024-01-01 01:49:45,2024-01-01 03:18:45,1.48,1.3180555555555555,0.16527777777777777,,0.8885767790262172,0.0,91.66666666666666,True,238,5,4,False,False,terminal
Ferrara,E3,42,"CUSUM (k=0.5, h=5.0)",cusum,aggregate,2,0.17,2024-01-01 01:49:45,2024-01-01 03:18:45,1.48,1.3125,0.17083333333333334,,0.8848314606741573,0.0,83.33333333333334,True,238,5,4,False,False,terminal
Ferrara,E3,42,Hotelling T²,hotelling_t2,aggregate,2,0.17,2024-01-01 01:49:45,2024-01-01 03:18:45,1.48,1.323611111111111,0.1597222222222222,,0.8923220973782771,0.0,100.0,True,238,5,4,False,False,terminal
Ferrara,E3,42,Isolation Forest,isolation_forest,aggregate,2,0.17,2024-01-01 01:49:45,2024-01-01 03:18:45,1.48,1.323611111111111,0.1597222222222222,,0.8923220973782771,0.0,100.0,True,238,5,4,False,False,terminal
Ferrara,E3,42,Deep SVDD,deep_svdd,aggregate,2,0.17,2024-01-01 01:49:45,2024-01-01 03:18:45,1.48,0.04583333333333333,1.4375,,0.030898876404494378,0.04583333333333333,0.0,True,238,5,4,False,False,terminal
Ferrara,E3,42,LSTM-Autoencoder,lstm_ae,aggregate,2,0.17,2024-01-01 01:49:45,2024-01-01 03:18:45,1.48,1.323611111111111,0.1597222222222222,,0.8923220973782771,0.0,100.0,True,238,5,4,False,False,terminal
Ferrara,E3,42,TCN-Autoencoder,tcn,aggregate,2,0.17,2024-01-01 01:49:45,2024-01-01 03:18:45,1.48,1.323611111111111,0.1597222222222222,,0.8923220973782771,0.0,100.0,True,238,5,4,False,False,terminal
Ferrara,E3,42,Transformer-AD,transformer_ad,aggregate,2,0.17,2024-01-01 01:49:45,2024-01-01 03:18:45,1.48,1.323611111111111,0.1597222222222222,,0.8923220973782771,0.0,100.0,True,238,5,4,False,False,terminal
Ferrara,E3,42,RMS-Trend (kσ),rms_trend,aggregate,5,0.42,2024-01-01 01:49:45,2024-01-01 03:18:45,1.48,0.013888888888888888,1.4694444444444446,,0.009363295880149811,0.013888888888888888,0.0,True,191,3,2,True,False,terminal
Ferrara,E3,42,3σ Rule (σ=3.0),three_sigma,aggregate,5,0.42,2024-01-01 01:49:45,2024-01-01 03:18:45,1.48,1.3263888888888888,0.15694444444444444,,0.894194756554307,0.0,100.0,True,191,3,2,True,False,terminal
Ferrara,E3,42,"EWMA (λ=0.2, k=3.0)",ewma,aggregate,5,0.42,2024-01-01 01:49:45,2024-01-01 03:18:45,1.48,1.3194444444444444,0.1638888888888889,,0.8895131086142322,0.0,90.0,True,191,3,2,True,False,terminal
Ferrara,E3,42,"CUSUM (k=0.5, h=5.0)",cusum,aggregate,5,0.42,2024-01-01 01:49:45,2024-01-01 03:18:45,1.48,1.3125,0.17083333333333334,,0.8848314606741573,0.0,80.0,True,191,3,2,True,False,terminal
Ferrara,E3,42,Hotelling T²,hotelling_t2,aggregate,5,0.42,2024-01-01 01:49:45,2024-01-01 03:18:45,1.48,1.3263888888888888,0.15694444444444444,,0.894194756554307,0.0,100.0,True,191,3,2,True,False,terminal
Ferrara,E3,42,Isolation Forest,isolation_forest,aggregate,5,0.42,2024-01-01 01:49:45,2024-01-01 03:18:45,1.48,1.3263888888888888,0.15694444444444444,,0.894194756554307,0.0,100.0,True,191,3,2,True,False,terminal
Ferrara,E3,42,Deep SVDD,deep_svdd,aggregate,5,0.42,2024-01-01 01:49:45,2024-01-01 03:18:45,1.48,0.0,,,0.0,0.0,0.0,False,191,3,2,True,False,terminal
Ferrara,E3,42,LSTM-Autoencoder,lstm_ae,aggregate,5,0.42,2024-01-01 01:49:45,2024-01-01 03:18:45,1.48,1.3263888888888888,0.15694444444444444,,0.894194756554307,0.0,100.0,True,191,3,2,True,False,terminal
Ferrara,E3,42,TCN-Autoencoder,tcn,aggregate,5,0.42,2024-01-01 01:49:45,2024-01-01 03:18:45,1.48,1.3263888888888888,0.15694444444444444,,0.894194756554307,0.0,100.0,True,191,3,2,True,False,terminal
Ferrara,E3,42,Transformer-AD,transformer_ad,aggregate,5,0.42,2024-01-01 01:49:45,2024-01-01 03:18:45,1.48,1.3263888888888888,0.15694444444444444,,0.894194756554307,0.0,100.0,True,191,3,2,True,False,terminal
Ferrara,E3,42,RMS-Trend (kσ),rms_trend,aggregate,10,0.83,2024-01-01 01:49:45,2024-01-01 03:18:45,1.48,0.1736111111111111,1.3097222222222222,,0.11704119850187265,0.1736111111111111,0.0,True,95,3,1,True,False,terminal
Ferrara,E3,42,3σ Rule (σ=3.0),three_sigma,aggregate,10,0.83,2024-01-01 01:49:45,2024-01-01 03:18:45,1.48,1.3263888888888888,0.15694444444444444,,0.894194756554307,0.0,100.0,True,95,3,1,True,False,terminal
Ferrara,E3,42,"EWMA (λ=0.2, k=3.0)",ewma,aggregate,10,0.83,2024-01-01 01:49:45,2024-01-01 03:18:45,1.48,1.3263888888888888,0.15694444444444444,,0.894194756554307,0.0,100.0,True,95,3,1,True,False,terminal
Ferrara,E3,42,"CUSUM (k=0.5, h=5.0)",cusum,aggregate,10,0.83,2024-01-01 01:49:45,2024-01-01 03:18:45,1.48,1.3263888888888888,0.15694444444444444,,0.894194756554307,0.0,100.0,True,95,3,1,True,False,terminal
Ferrara,E3,42,Hotelling T²,hotelling_t2,aggregate,10,0.83,2024-01-01 01:49:45,2024-01-01 03:18:45,1.48,1.3263888888888888,0.15694444444444444,,0.894194756554307,0.0,100.0,True,95,3,1,True,False,terminal
Ferrara,E3,42,Isolation Forest,isolation_forest,aggregate,10,0.83,2024-01-01 01:49:45,2024-01-01 03:18:45,1.48,1.3263888888888888,0.15694444444444444,,0.894194756554307,0.0,100.0,True,95,3,1,True,False,terminal
Ferrara,E3,42,Deep SVDD,deep_svdd,aggregate,10,0.83,2024-01-01 01:49:45,2024-01-01 03:18:45,1.48,0.10416666666666667,1.3791666666666667,,0.0702247191011236,0.10416666666666667,0.0,True,95,3,1,True,False,terminal
Ferrara,E3,42,LSTM-Autoencoder,lstm_ae,aggregate,10,0.83,2024-01-01 01:49:45,2024-01-01 03:18:45,1.48,1.3263888888888888,0.15694444444444444,,0.894194756554307,0.0,100.0,True,95,3,1,True,False,terminal
Ferrara,E3,42,TCN-Autoencoder,tcn,aggregate,10,0.83,2024-01-01 01:49:45,2024-01-01 03:18:45,1.48,1.3263888888888888,0.15694444444444444,,0.894194756554307,0.0,100.0,True,95,3,1,True,False,terminal
Ferrara,E3,42,Transformer-AD,transformer_ad,aggregate,10,0.83,2024-01-01 01:49:45,2024-01-01 03:18:45,1.48,1.3263888888888888,0.15694444444444444,,0.894194756554307,0.0,100.0,True,95,3,1,True,False,terminal
Ferrara,E3,42,RMS-Trend (kσ),rms_trend,aggregate,20,1.67,2024-01-01 01:49:45,2024-01-01 03:18:45,1.48,0.034722222222222224,1.448611111111111,,0.023408239700374533,0.034722222222222224,0.0,True,48,3,1,True,False,terminal
Ferrara,E3,42,3σ Rule (σ=3.0),three_sigma,aggregate,20,1.67,2024-01-01 01:49:45,2024-01-01 03:18:45,1.48,1.3402777777777777,0.14305555555555555,,0.9035580524344569,0.0,100.0,True,48,3,1,True,False,terminal
Ferrara,E3,42,"EWMA (λ=0.2, k=3.0)",ewma,aggregate,20,1.67,2024-01-01 01:49:45,2024-01-01 03:18:45,1.48,1.3402777777777777,0.14305555555555555,,0.9035580524344569,0.0,100.0,True,48,3,1,True,False,terminal
Ferrara,E3,42,"CUSUM (k=0.5, h=5.0)",cusum,aggregate,20,1.67,2024-01-01 01:49:45,2024-01-01 03:18:45,1.48,1.3402777777777777,0.14305555555555555,,0.9035580524344569,0.0,100.0,True,48,3,1,True,False,terminal
Ferrara,E3,42,Hotelling T²,hotelling_t2,aggregate,20,1.67,2024-01-01 01:49:45,2024-01-01 03:18:45,1.48,1.3402777777777777,0.14305555555555555,,0.9035580524344569,0.0,100.0,True,48,3,1,True,False,terminal
Ferrara,E3,42,Isolation Forest,isolation_forest,aggregate,20,1.67,2024-01-01 01:49:45,2024-01-01 03:18:45,1.48,1.3402777777777777,0.14305555555555555,,0.9035580524344569,0.0,100.0,True,48,3,1,True,False,terminal
Ferrara,E3,42,Deep SVDD,deep_svdd,aggregate,20,1.67,2024-01-01 01:49:45,2024-01-01 03:18:45,1.48,0.11805555555555555,1.3652777777777778,,0.07958801498127341,0.11805555555555555,0.0,True,48,3,1,True,False,terminal
Ferrara,E3,42,LSTM-Autoencoder,lstm_ae,aggregate,20,1.67,2024-01-01 01:49:45,2024-01-01 03:18:45,1.48,1.3402777777777777,0.14305555555555555,,0.9035580524344569,0.0,100.0,True,48,3,1,True,False,terminal
Ferrara,E3,42,TCN-Autoencoder,tcn,aggregate,20,1.67,2024-01-01 01:49:45,2024-01-01 03:18:45,1.48,1.3402777777777777,0.14305555555555555,,0.9035580524344569,0.0,100.0,True,48,3,1,True,False,terminal
Ferrara,E3,42,Transformer-AD,transformer_ad,aggregate,20,1.67,2024-01-01 01:49:45,2024-01-01 03:18:45,1.48,1.3402777777777777,0.14305555555555555,,0.9035580524344569,0.0,100.0,True,48,3,1,True,False,terminal
Ferrara,E3,42,RMS-Trend (kσ),rms_trend,decimate,1,0.08,2024-01-01 01:49:45,2024-01-01 03:18:45,1.48,0.0,,,0.0,0.0,0.0,False,191,10,3,False,False,terminal
Ferrara,E3,42,3σ Rule (σ=3.0),three_sigma,decimate,1,0.08,2024-01-01 01:49:45,2024-01-01 03:18:45,1.48,1.3263888888888888,0.15694444444444444,,0.894194756554307,0.0,100.0,True,191,10,3,False,False,terminal
Ferrara,E3,42,"EWMA (λ=0.2, k=3.0)",ewma,decimate,1,0.08,2024-01-01 01:49:45,2024-01-01 03:18:45,1.48,1.3194444444444444,0.1638888888888889,,0.8895131086142322,0.0,90.0,True,191,10,3,False,False,terminal
Ferrara,E3,42,"CUSUM (k=0.5, h=5.0)",cusum,decimate,1,0.08,2024-01-01 01:49:45,2024-01-01 03:18:45,1.48,1.3125,0.17083333333333334,,0.8848314606741573,0.0,80.0,True,191,10,3,False,False,terminal
Ferrara,E3,42,Hotelling T²,hotelling_t2,decimate,1,0.08,2024-01-01 01:49:45,2024-01-01 03:18:45,1.48,1.3263888888888888,0.15694444444444444,,0.894194756554307,0.0,100.0,True,191,10,3,False,False,terminal
Ferrara,E3,42,Isolation Forest,isolation_forest,decimate,1,0.08,2024-01-01 01:49:45,2024-01-01 03:18:45,1.48,1.3263888888888888,0.15694444444444444,,0.894194756554307,0.0,100.0,True,191,10,3,False,False,terminal
Ferrara,E3,42,Deep SVDD,deep_svdd,decimate,1,0.08,2024-01-01 01:49:45,2024-01-01 03:18:45,1.48,0.041666666666666664,1.4416666666666667,,0.028089887640449434,0.041666666666666664,0.0,True,191,10,3,False,False,terminal
Ferrara,E3,42,LSTM-Autoencoder,lstm_ae,decimate,1,0.08,2024-01-01 01:49:45,2024-01-01 03:18:45,1.48,1.3263888888888888,0.15694444444444444,,0.894194756554307,0.0,100.0,True,191,10,3,False,False,terminal
Ferrara,E3,42,TCN-Autoencoder,tcn,decimate,1,0.08,2024-01-01 01:49:45,2024-01-01 03:18:45,1.48,1.3263888888888888,0.15694444444444444,,0.894194756554307,0.0,100.0,True,191,10,3,False,False,terminal
Ferrara,E3,42,Transformer-AD,transformer_ad,decimate,1,0.08,2024-01-01 01:49:45,2024-01-01 03:18:45,1.48,1.3263888888888888,0.15694444444444444,,0.894194756554307,0.0,100.0,True,191,10,3,False,False,terminal
Ferrara,E3,42,RMS-Trend (kσ),rms_trend,decimate,2,0.17,2024-01-01 01:49:45,2024-01-01 03:18:45,1.48,0.02361111111111111,1.4597222222222221,,0.01591760299625468,0.02361111111111111,0.0,True,238,5,4,False,False,terminal
Ferrara,E3,42,3σ Rule (σ=3.0),three_sigma,decimate,2,0.17,2024-01-01 01:49:45,2024-01-01 03:18:45,1.48,1.323611111111111,0.1597222222222222,,0.8923220973782771,0.0,100.0,True,238,5,4,False,False,terminal
Ferrara,E3,42,"EWMA (λ=0.2, k=3.0)",ewma,decimate,2,0.17,2024-01-01 01:49:45,2024-01-01 03:18:45,1.48,1.3180555555555555,0.16527777777777777,,0.8885767790262172,0.0,91.66666666666666,True,238,5,4,False,False,terminal
Ferrara,E3,42,"CUSUM (k=0.5, h=5.0)",cusum,decimate,2,0.17,2024-01-01 01:49:45,2024-01-01 03:18:45,1.48,1.3125,0.17083333333333334,,0.8848314606741573,0.0,83.33333333333334,True,238,5,4,False,False,terminal
Ferrara,E3,42,Hotelling T²,hotelling_t2,decimate,2,0.17,2024-01-01 01:49:45,2024-01-01 03:18:45,1.48,1.323611111111111,0.1597222222222222,,0.8923220973782771,0.0,100.0,True,238,5,4,False,False,terminal
Ferrara,E3,42,Isolation Forest,isolation_forest,decimate,2,0.17,2024-01-01 01:49:45,2024-01-01 03:18:45,1.48,1.323611111111111,0.1597222222222222,,0.8923220973782771,0.0,100.0,True,238,5,4,False,False,terminal
Ferrara,E3,42,Deep SVDD,deep_svdd,decimate,2,0.17,2024-01-01 01:49:45,2024-01-01 03:18:45,1.48,0.07916666666666666,1.4041666666666666,,0.05337078651685393,0.07916666666666666,0.0,True,238,5,4,False,False,terminal
Ferrara,E3,42,LSTM-Autoencoder,lstm_ae,decimate,2,0.17,2024-01-01 01:49:45,2024-01-01 03:18:45,1.48,1.323611111111111,0.1597222222222222,,0.8923220973782771,0.0,100.0,True,238,5,4,False,False,terminal
Ferrara,E3,42,TCN-Autoencoder,tcn,decimate,2,0.17,2024-01-01 01:49:45,2024-01-01 03:18:45,1.48,1.323611111111111,0.1597222222222222,,0.8923220973782771,0.0,100.0,True,238,5,4,False,False,terminal
Ferrara,E3,42,Transformer-AD,transformer_ad,decimate,2,0.17,2024-01-01 01:49:45,2024-01-01 03:18:45,1.48,1.323611111111111,0.1597222222222222,,0.8923220973782771,0.0,100.0,True,238,5,4,False,False,terminal
Ferrara,E3,42,RMS-Trend (kσ),rms_trend,decimate,5,0.42,2024-01-01 01:49:45,2024-01-01 03:18:45,1.48,0.1111111111111111,1.3722222222222222,,0.07490636704119849,0.1111111111111111,0.0,True,191,3,2,True,False,terminal
Ferrara,E3,42,3σ Rule (σ=3.0),three_sigma,decimate,5,0.42,2024-01-01 01:49:45,2024-01-01 03:18:45,1.48,1.3263888888888888,0.15694444444444444,,0.894194756554307,0.0,100.0,True,191,3,2,True,False,terminal
Ferrara,E3,42,"EWMA (λ=0.2, k=3.0)",ewma,decimate,5,0.42,2024-01-01 01:49:45,2024-01-01 03:18:45,1.48,1.3194444444444444,0.1638888888888889,,0.8895131086142322,0.0,90.0,True,191,3,2,True,False,terminal
Ferrara,E3,42,"CUSUM (k=0.5, h=5.0)",cusum,decimate,5,0.42,2024-01-01 01:49:45,2024-01-01 03:18:45,1.48,1.3125,0.17083333333333334,,0.8848314606741573,0.0,80.0,True,191,3,2,True,False,terminal
Ferrara,E3,42,Hotelling T²,hotelling_t2,decimate,5,0.42,2024-01-01 01:49:45,2024-01-01 03:18:45,1.48,1.3263888888888888,0.15694444444444444,,0.894194756554307,0.0,100.0,True,191,3,2,True,False,terminal
Ferrara,E3,42,Isolation Forest,isolation_forest,decimate,5,0.42,2024-01-01 01:49:45,2024-01-01 03:18:45,1.48,1.3263888888888888,0.15694444444444444,,0.894194756554307,0.0,100.0,True,191,3,2,True,False,terminal
Ferrara,E3,42,Deep SVDD,deep_svdd,decimate,5,0.42,2024-01-01 01:49:45,2024-01-01 03:18:45,1.48,0.041666666666666664,1.4416666666666667,,0.028089887640449434,0.041666666666666664,0.0,True,191,3,2,True,False,terminal
Ferrara,E3,42,LSTM-Autoencoder,lstm_ae,decimate,5,0.42,2024-01-01 01:49:45,2024-01-01 03:18:45,1.48,1.3263888888888888,0.15694444444444444,,0.894194756554307,0.0,100.0,True,191,3,2,True,False,terminal
Ferrara,E3,42,TCN-Autoencoder,tcn,decimate,5,0.42,2024-01-01 01:49:45,2024-01-01 03:18:45,1.48,1.3263888888888888,0.15694444444444444,,0.894194756554307,0.0,100.0,True,191,3,2,True,False,terminal
Ferrara,E3,42,Transformer-AD,transformer_ad,decimate,5,0.42,2024-01-01 01:49:45,2024-01-01 03:18:45,1.48,1.3263888888888888,0.15694444444444444,,0.894194756554307,0.0,100.0,True,191,3,2,True,False,terminal
Ferrara,E3,42,RMS-Trend (kσ),rms_trend,decimate,10,0.83,2024-01-01 01:49:45,2024-01-01 03:18:45,1.48,0.1597222222222222,1.323611111111111,,0.10767790262172283,0.1597222222222222,0.0,True,95,3,1,True,False,terminal
Ferrara,E3,42,3σ Rule (σ=3.0),three_sigma,decimate,10,0.83,2024-01-01 01:49:45,2024-01-01 03:18:45,1.48,1.3263888888888888,0.15694444444444444,,0.894194756554307,0.0,100.0,True,95,3,1,True,False,terminal
Ferrara,E3,42,"EWMA (λ=0.2, k=3.0)",ewma,decimate,10,0.83,2024-01-01 01:49:45,2024-01-01 03:18:45,1.48,1.3125,0.17083333333333334,,0.8848314606741573,0.0,80.0,True,95,3,1,True,False,terminal
Ferrara,E3,42,"CUSUM (k=0.5, h=5.0)",cusum,decimate,10,0.83,2024-01-01 01:49:45,2024-01-01 03:18:45,1.48,1.3125,0.17083333333333334,,0.8848314606741573,0.0,80.0,True,95,3,1,True,False,terminal
Ferrara,E3,42,Hotelling T²,hotelling_t2,decimate,10,0.83,2024-01-01 01:49:45,2024-01-01 03:18:45,1.48,1.3263888888888888,0.15694444444444444,,0.894194756554307,0.0,100.0,True,95,3,1,True,False,terminal
Ferrara,E3,42,Isolation Forest,isolation_forest,decimate,10,0.83,2024-01-01 01:49:45,2024-01-01 03:18:45,1.48,1.3263888888888888,0.15694444444444444,,0.894194756554307,0.0,100.0,True,95,3,1,True,False,terminal
Ferrara,E3,42,Deep SVDD,deep_svdd,decimate,10,0.83,2024-01-01 01:49:45,2024-01-01 03:18:45,1.48,0.11805555555555555,1.3652777777777778,,0.07958801498127341,0.11805555555555555,0.0,True,95,3,1,True,False,terminal
Ferrara,E3,42,LSTM-Autoencoder,lstm_ae,decimate,10,0.83,2024-01-01 01:49:45,2024-01-01 03:18:45,1.48,1.3263888888888888,0.15694444444444444,,0.894194756554307,0.0,100.0,True,95,3,1,True,False,terminal
Ferrara,E3,42,TCN-Autoencoder,tcn,decimate,10,0.83,2024-01-01 01:49:45,2024-01-01 03:18:45,1.48,1.3263888888888888,0.15694444444444444,,0.894194756554307,0.0,100.0,True,95,3,1,True,False,terminal
Ferrara,E3,42,Transformer-AD,transformer_ad,decimate,10,0.83,2024-01-01 01:49:45,2024-01-01 03:18:45,1.48,1.3263888888888888,0.15694444444444444,,0.894194756554307,0.0,100.0,True,95,3,1,True,False,terminal
Ferrara,E3,42,RMS-Trend (kσ),rms_trend,decimate,20,1.67,2024-01-01 01:49:45,2024-01-01 03:18:45,1.48,0.11805555555555555,1.3652777777777778,,0.07958801498127341,0.11805555555555555,0.0,True,48,3,1,True,False,terminal
Ferrara,E3,42,3σ Rule (σ=3.0),three_sigma,decimate,20,1.67,2024-01-01 01:49:45,2024-01-01 03:18:45,1.48,1.3402777777777777,0.14305555555555555,,0.9035580524344569,0.0,100.0,True,48,3,1,True,False,terminal
Ferrara,E3,42,"EWMA (λ=0.2, k=3.0)",ewma,decimate,20,1.67,2024-01-01 01:49:45,2024-01-01 03:18:45,1.48,1.3125,0.17083333333333334,,0.8848314606741573,0.0,66.66666666666666,True,48,3,1,True,False,terminal
Ferrara,E3,42,"CUSUM (k=0.5, h=5.0)",cusum,decimate,20,1.67,2024-01-01 01:49:45,2024-01-01 03:18:45,1.48,1.3125,0.17083333333333334,,0.8848314606741573,0.0,66.66666666666666,True,48,3,1,True,False,terminal
Ferrara,E3,42,Hotelling T²,hotelling_t2,decimate,20,1.67,2024-01-01 01:49:45,2024-01-01 03:18:45,1.48,1.3402777777777777,0.14305555555555555,,0.9035580524344569,0.0,100.0,True,48,3,1,True,False,terminal
Ferrara,E3,42,Isolation Forest,isolation_forest,decimate,20,1.67,2024-01-01 01:49:45,2024-01-01 03:18:45,1.48,1.3402777777777777,0.14305555555555555,,0.9035580524344569,0.0,100.0,True,48,3,1,True,False,terminal
Ferrara,E3,42,Deep SVDD,deep_svdd,decimate,20,1.67,2024-01-01 01:49:45,2024-01-01 03:18:45,1.48,0.11805555555555555,1.3652777777777778,,0.07958801498127341,0.11805555555555555,0.0,True,48,3,1,True,False,terminal
Ferrara,E3,42,LSTM-Autoencoder,lstm_ae,decimate,20,1.67,2024-01-01 01:49:45,2024-01-01 03:18:45,1.48,1.3402777777777777,0.14305555555555555,,0.9035580524344569,0.0,100.0,True,48,3,1,True,False,terminal
Ferrara,E3,42,TCN-Autoencoder,tcn,decimate,20,1.67,2024-01-01 01:49:45,2024-01-01 03:18:45,1.48,1.3402777777777777,0.14305555555555555,,0.9035580524344569,0.0,100.0,True,48,3,1,True,False,terminal
Ferrara,E3,42,Transformer-AD,transformer_ad,decimate,20,1.67,2024-01-01 01:49:45,2024-01-01 03:18:45,1.48,1.3402777777777777,0.14305555555555555,,0.9035580524344569,0.0,100.0,True,48,3,1,True,False,terminal
Ferrara,E4,42,RMS-Trend (kσ),rms_trend,aggregate,1,0.08,2024-01-01 00:48:40,2024-01-01 00:55:40,0.12,0.0,,0.0,0.0,0.0,0.0,False,53,10,3,False,False,terminal
Ferrara,E4,42,3σ Rule (σ=3.0),three_sigma,aggregate,1,0.08,2024-01-01 00:48:40,2024-01-01 00:55:40,0.12,0.12222222222222222,,2.7027027027027026,1.0476190476190477,0.12222222222222222,0.0,True,53,10,3,False,False,terminal
Ferrara,E4,42,"EWMA (λ=0.2, k=3.0)",ewma,aggregate,1,0.08,2024-01-01 00:48:40,2024-01-01 00:55:40,0.12,0.12222222222222222,,2.7027027027027026,1.0476190476190477,0.12222222222222222,0.0,True,53,10,3,False,False,terminal
Ferrara,E4,42,"CUSUM (k=0.5, h=5.0)",cusum,aggregate,1,0.08,2024-01-01 00:48:40,2024-01-01 00:55:40,0.12,0.12222222222222222,,2.7027027027027026,1.0476190476190477,0.12222222222222222,0.0,True,53,10,3,False,False,terminal
Ferrara,E4,42,Hotelling T²,hotelling_t2,aggregate,1,0.08,2024-01-01 00:48:40,2024-01-01 00:55:40,0.12,0.12222222222222222,,2.7027027027027026,1.0476190476190477,0.12222222222222222,0.0,True,53,10,3,False,False,terminal
Ferrara,E4,42,Isolation Forest,isolation_forest,aggregate,1,0.08,2024-01-01 00:48:40,2024-01-01 00:55:40,0.12,0.12222222222222222,,2.7027027027027026,1.0476190476190477,0.12222222222222222,0.0,True,53,10,3,False,False,terminal
Ferrara,E4,42,Deep SVDD,deep_svdd,aggregate,1,0.08,2024-01-01 00:48:40,2024-01-01 00:55:40,0.12,0.0,,0.0,0.0,0.0,0.0,False,53,10,3,False,False,terminal
Ferrara,E4,42,LSTM-Autoencoder,lstm_ae,aggregate,1,0.08,2024-01-01 00:48:40,2024-01-01 00:55:40,0.12,0.12222222222222222,,2.7027027027027026,1.0476190476190477,0.12222222222222222,0.0,True,53,10,3,False,False,terminal
Ferrara,E4,42,TCN-Autoencoder,tcn,aggregate,1,0.08,2024-01-01 00:48:40,2024-01-01 00:55:40,0.12,0.12222222222222222,,2.7027027027027026,1.0476190476190477,0.12222222222222222,0.0,True,53,10,3,False,False,terminal
Ferrara,E4,42,Transformer-AD,transformer_ad,aggregate,1,0.08,2024-01-01 00:48:40,2024-01-01 00:55:40,0.12,0.12222222222222222,,2.7027027027027026,1.0476190476190477,0.12222222222222222,0.0,True,53,10,3,False,False,terminal
Ferrara,E4,42,RMS-Trend (kσ),rms_trend,aggregate,2,0.17,2024-01-01 00:48:40,2024-01-01 00:55:40,0.12,0.0,,0.0,0.0,0.0,0.0,False,67,5,4,False,False,terminal
Ferrara,E4,42,3σ Rule (σ=3.0),three_sigma,aggregate,2,0.17,2024-01-01 00:48:40,2024-01-01 00:55:40,0.12,0.12222222222222222,,2.1739130434782608,1.0476190476190477,0.12222222222222222,0.0,True,67,5,4,False,False,terminal
Ferrara,E4,42,"EWMA (λ=0.2, k=3.0)",ewma,aggregate,2,0.17,2024-01-01 00:48:40,2024-01-01 00:55:40,0.12,0.12222222222222222,,2.1739130434782608,1.0476190476190477,0.12222222222222222,0.0,True,67,5,4,False,False,terminal
Ferrara,E4,42,"CUSUM (k=0.5, h=5.0)",cusum,aggregate,2,0.17,2024-01-01 00:48:40,2024-01-01 00:55:40,0.12,0.12222222222222222,,2.1739130434782608,1.0476190476190477,0.12222222222222222,0.0,True,67,5,4,False,False,terminal
Ferrara,E4,42,Hotelling T²,hotelling_t2,aggregate,2,0.17,2024-01-01 00:48:40,2024-01-01 00:55:40,0.12,0.12222222222222222,,2.1739130434782608,1.0476190476190477,0.12222222222222222,0.0,True,67,5,4,False,False,terminal
Ferrara,E4,42,Isolation Forest,isolation_forest,aggregate,2,0.17,2024-01-01 00:48:40,2024-01-01 00:55:40,0.12,0.12222222222222222,,2.1739130434782608,1.0476190476190477,0.12222222222222222,0.0,True,67,5,4,False,False,terminal
Ferrara,E4,42,Deep SVDD,deep_svdd,aggregate,2,0.17,2024-01-01 00:48:40,2024-01-01 00:55:40,0.12,0.0,,0.0,0.0,0.0,0.0,False,67,5,4,False,False,terminal
Ferrara,E4,42,LSTM-Autoencoder,lstm_ae,aggregate,2,0.17,2024-01-01 00:48:40,2024-01-01 00:55:40,0.12,0.12222222222222222,,2.1739130434782608,1.0476190476190477,0.12222222222222222,0.0,True,67,5,4,False,False,terminal
Ferrara,E4,42,TCN-Autoencoder,tcn,aggregate,2,0.17,2024-01-01 00:48:40,2024-01-01 00:55:40,0.12,0.12222222222222222,,2.1739130434782608,1.0476190476190477,0.12222222222222222,0.0,True,67,5,4,False,False,terminal
Ferrara,E4,42,Transformer-AD,transformer_ad,aggregate,2,0.17,2024-01-01 00:48:40,2024-01-01 00:55:40,0.12,0.12222222222222222,,2.1739130434782608,1.0476190476190477,0.12222222222222222,0.0,True,67,5,4,False,False,terminal
Ferrara,E4,42,RMS-Trend (kσ),rms_trend,aggregate,5,0.42,2024-01-01 00:48:40,2024-01-01 00:55:40,0.12,0.0,,0.0,0.0,0.0,0.0,False,53,3,2,True,False,terminal
Ferrara,E4,42,3σ Rule (σ=3.0),three_sigma,aggregate,5,0.42,2024-01-01 00:48:40,2024-01-01 00:55:40,0.12,0.12916666666666668,,5.405405405405405,1.1071428571428572,0.12916666666666668,0.0,True,53,3,2,True,False,terminal
Ferrara,E4,42,"EWMA (λ=0.2, k=3.0)",ewma,aggregate,5,0.42,2024-01-01 00:48:40,2024-01-01 00:55:40,0.12,0.12916666666666668,,5.405405405405405,1.1071428571428572,0.12916666666666668,0.0,True,53,3,2,True,False,terminal
Ferrara,E4,42,"CUSUM (k=0.5, h=5.0)",cusum,aggregate,5,0.42,2024-01-01 00:48:40,2024-01-01 00:55:40,0.12,0.12222222222222222,,2.7027027027027026,1.0476190476190477,0.12222222222222222,0.0,True,53,3,2,True,False,terminal
Ferrara,E4,42,Hotelling T²,hotelling_t2,aggregate,5,0.42,2024-01-01 00:48:40,2024-01-01 00:55:40,0.12,0.37222222222222223,,13.513513513513514,3.1904761904761907,0.0,100.0,False,53,3,2,True,False,terminal
Ferrara,E4,42,Isolation Forest,isolation_forest,aggregate,5,0.42,2024-01-01 00:48:40,2024-01-01 00:55:40,0.12,0.12916666666666668,,5.405405405405405,1.1071428571428572,0.12916666666666668,0.0,True,53,3,2,True,False,terminal
Ferrara,E4,42,Deep SVDD,deep_svdd,aggregate,5,0.42,2024-01-01 00:48:40,2024-01-01 00:55:40,0.12,0.0,,0.0,0.0,0.0,0.0,False,53,3,2,True,False,terminal
Ferrara,E4,42,LSTM-Autoencoder,lstm_ae,aggregate,5,0.42,2024-01-01 00:48:40,2024-01-01 00:55:40,0.12,0.12916666666666668,,5.405405405405405,1.1071428571428572,0.12916666666666668,0.0,True,53,3,2,True,False,terminal
Ferrara,E4,42,TCN-Autoencoder,tcn,aggregate,5,0.42,2024-01-01 00:48:40,2024-01-01 00:55:40,0.12,0.12916666666666668,,5.405405405405405,1.1071428571428572,0.12916666666666668,0.0,True,53,3,2,True,False,terminal
Ferrara,E4,42,Transformer-AD,transformer_ad,aggregate,5,0.42,2024-01-01 00:48:40,2024-01-01 00:55:40,0.12,0.12916666666666668,,5.405405405405405,1.1071428571428572,0.12916666666666668,0.0,True,53,3,2,True,False,terminal
Ferrara,E4,42,RMS-Trend (kσ),rms_trend,aggregate,10,0.83,2024-01-01 00:48:40,2024-01-01 00:55:40,0.12,0.05277777777777778,0.06388888888888888,0.0,0.4523809523809524,0.05277777777777778,0.0,True,26,3,1,True,False,terminal
Ferrara,E4,42,3σ Rule (σ=3.0),three_sigma,aggregate,10,0.83,2024-01-01 00:48:40,2024-01-01 00:55:40,0.12,0.1361111111111111,,10.526315789473683,1.1666666666666665,0.1361111111111111,0.0,False,26,3,1,True,False,terminal
Ferrara,E4,42,"EWMA (λ=0.2, k=3.0)",ewma,aggregate,10,0.83,2024-01-01 00:48:40,2024-01-01 00:55:40,0.12,0.1361111111111111,,10.526315789473683,1.1666666666666665,0.1361111111111111,0.0,False,26,3,1,True,False,terminal
Ferrara,E4,42,"CUSUM (k=0.5, h=5.0)",cusum,aggregate,10,0.83,2024-01-01 00:48:40,2024-01-01 00:55:40,0.12,0.1361111111111111,,10.526315789473683,1.1666666666666665,0.1361111111111111,0.0,False,26,3,1,True,False,terminal
Ferrara,E4,42,Hotelling T²,hotelling_t2,aggregate,10,0.83,2024-01-01 00:48:40,2024-01-01 00:55:40,0.12,0.37222222222222223,,57.89473684210527,3.1904761904761907,0.0,100.0,False,26,3,1,True,False,terminal
Ferrara,E4,42,Isolation Forest,isolation_forest,aggregate,10,0.83,2024-01-01 00:48:40,2024-01-01 00:55:40,0.12,0.1361111111111111,,10.526315789473683,1.1666666666666665,0.1361111111111111,0.0,False,26,3,1,True,False,terminal
Ferrara,E4,42,Deep SVDD,deep_svdd,aggregate,10,0.83,2024-01-01 00:48:40,2024-01-01 00:55:40,0.12,0.05277777777777778,0.06388888888888888,0.0,0.4523809523809524,0.05277777777777778,0.0,True,26,3,1,True,False,terminal
Ferrara,E4,42,LSTM-Autoencoder,lstm_ae,aggregate,10,0.83,2024-01-01 00:48:40,2024-01-01 00:55:40,0.12,,,,,,,False,26,3,1,True,False,terminal
Ferrara,E4,42,TCN-Autoencoder,tcn,aggregate,10,0.83,2024-01-01 00:48:40,2024-01-01 00:55:40,0.12,,,,,,,False,26,3,1,True,False,terminal
Ferrara,E4,42,Transformer-AD,transformer_ad,aggregate,10,0.83,2024-01-01 00:48:40,2024-01-01 00:55:40,0.12,,,,,,,False,26,3,1,True,False,terminal
Ferrara,E4,42,RMS-Trend (kσ),rms_trend,aggregate,20,1.67,2024-01-01 00:48:40,2024-01-01 00:55:40,0.12,0.03888888888888889,0.07777777777777778,0.0,0.3333333333333333,0.03888888888888889,0.0,True,13,3,1,True,False,terminal
Ferrara,E4,42,3σ Rule (σ=3.0),three_sigma,aggregate,20,1.67,2024-01-01 00:48:40,2024-01-01 00:55:40,0.12,0.15,,20.0,1.2857142857142856,0.15,0.0,False,13,3,1,True,False,terminal
Ferrara,E4,42,"EWMA (λ=0.2, k=3.0)",ewma,aggregate,20,1.67,2024-01-01 00:48:40,2024-01-01 00:55:40,0.12,0.15,,20.0,1.2857142857142856,0.15,0.0,False,13,3,1,True,False,terminal
Ferrara,E4,42,"CUSUM (k=0.5, h=5.0)",cusum,aggregate,20,1.67,2024-01-01 00:48:40,2024-01-01 00:55:40,0.12,0.15,,20.0,1.2857142857142856,0.15,0.0,False,13,3,1,True,False,terminal
Ferrara,E4,42,Hotelling T²,hotelling_t2,aggregate,20,1.67,2024-01-01 00:48:40,2024-01-01 00:55:40,0.12,0.37222222222222223,,100.0,3.1904761904761907,0.0,100.0,False,13,3,1,True,False,terminal
Ferrara,E4,42,Isolation Forest,isolation_forest,aggregate,20,1.67,2024-01-01 00:48:40,2024-01-01 00:55:40,0.12,0.12222222222222222,,10.0,1.0476190476190477,0.12222222222222222,0.0,True,13,3,1,True,False,terminal
Ferrara,E4,42,Deep SVDD,deep_svdd,aggregate,20,1.67,2024-01-01 00:48:40,2024-01-01 00:55:40,0.12,0.06666666666666667,0.05,0.0,0.5714285714285714,0.06666666666666667,0.0,True,13,3,1,True,False,terminal
Ferrara,E4,42,LSTM-Autoencoder,lstm_ae,aggregate,20,1.67,2024-01-01 00:48:40,2024-01-01 00:55:40,0.12,,,,,,,False,13,3,1,True,False,terminal
Ferrara,E4,42,TCN-Autoencoder,tcn,aggregate,20,1.67,2024-01-01 00:48:40,2024-01-01 00:55:40,0.12,,,,,,,False,13,3,1,True,False,terminal
Ferrara,E4,42,Transformer-AD,transformer_ad,aggregate,20,1.67,2024-01-01 00:48:40,2024-01-01 00:55:40,0.12,,,,,,,False,13,3,1,True,False,terminal
Ferrara,E4,42,RMS-Trend (kσ),rms_trend,decimate,1,0.08,2024-01-01 00:48:40,2024-01-01 00:55:40,0.12,0.0,,0.0,0.0,0.0,0.0,False,53,10,3,False,False,terminal
Ferrara,E4,42,3σ Rule (σ=3.0),three_sigma,decimate,1,0.08,2024-01-01 00:48:40,2024-01-01 00:55:40,0.12,0.12222222222222222,,2.7027027027027026,1.0476190476190477,0.12222222222222222,0.0,True,53,10,3,False,False,terminal
Ferrara,E4,42,"EWMA (λ=0.2, k=3.0)",ewma,decimate,1,0.08,2024-01-01 00:48:40,2024-01-01 00:55:40,0.12,0.12222222222222222,,2.7027027027027026,1.0476190476190477,0.12222222222222222,0.0,True,53,10,3,False,False,terminal
Ferrara,E4,42,"CUSUM (k=0.5, h=5.0)",cusum,decimate,1,0.08,2024-01-01 00:48:40,2024-01-01 00:55:40,0.12,0.12222222222222222,,2.7027027027027026,1.0476190476190477,0.12222222222222222,0.0,True,53,10,3,False,False,terminal
Ferrara,E4,42,Hotelling T²,hotelling_t2,decimate,1,0.08,2024-01-01 00:48:40,2024-01-01 00:55:40,0.12,0.12222222222222222,,2.7027027027027026,1.0476190476190477,0.12222222222222222,0.0,True,53,10,3,False,False,terminal
Ferrara,E4,42,Isolation Forest,isolation_forest,decimate,1,0.08,2024-01-01 00:48:40,2024-01-01 00:55:40,0.12,0.12222222222222222,,2.7027027027027026,1.0476190476190477,0.12222222222222222,0.0,True,53,10,3,False,False,terminal
Ferrara,E4,42,Deep SVDD,deep_svdd,decimate,1,0.08,2024-01-01 00:48:40,2024-01-01 00:55:40,0.12,0.0,,0.0,0.0,0.0,0.0,False,53,10,3,False,False,terminal
Ferrara,E4,42,LSTM-Autoencoder,lstm_ae,decimate,1,0.08,2024-01-01 00:48:40,2024-01-01 00:55:40,0.12,0.12222222222222222,,2.7027027027027026,1.0476190476190477,0.12222222222222222,0.0,True,53,10,3,False,False,terminal
Ferrara,E4,42,TCN-Autoencoder,tcn,decimate,1,0.08,2024-01-01 00:48:40,2024-01-01 00:55:40,0.12,0.12222222222222222,,2.7027027027027026,1.0476190476190477,0.12222222222222222,0.0,True,53,10,3,False,False,terminal
Ferrara,E4,42,Transformer-AD,transformer_ad,decimate,1,0.08,2024-01-01 00:48:40,2024-01-01 00:55:40,0.12,0.12222222222222222,,2.7027027027027026,1.0476190476190477,0.12222222222222222,0.0,True,53,10,3,False,False,terminal
Ferrara,E4,42,RMS-Trend (kσ),rms_trend,decimate,2,0.17,2024-01-01 00:48:40,2024-01-01 00:55:40,0.12,0.0,,0.0,0.0,0.0,0.0,False,67,5,4,False,False,terminal
Ferrara,E4,42,3σ Rule (σ=3.0),three_sigma,decimate,2,0.17,2024-01-01 00:48:40,2024-01-01 00:55:40,0.12,0.12222222222222222,,2.1739130434782608,1.0476190476190477,0.12222222222222222,0.0,True,67,5,4,False,False,terminal
Ferrara,E4,42,"EWMA (λ=0.2, k=3.0)",ewma,decimate,2,0.17,2024-01-01 00:48:40,2024-01-01 00:55:40,0.12,0.12222222222222222,,2.1739130434782608,1.0476190476190477,0.12222222222222222,0.0,True,67,5,4,False,False,terminal
Ferrara,E4,42,"CUSUM (k=0.5, h=5.0)",cusum,decimate,2,0.17,2024-01-01 00:48:40,2024-01-01 00:55:40,0.12,0.12222222222222222,,2.1739130434782608,1.0476190476190477,0.12222222222222222,0.0,True,67,5,4,False,False,terminal
Ferrara,E4,42,Hotelling T²,hotelling_t2,decimate,2,0.17,2024-01-01 00:48:40,2024-01-01 00:55:40,0.12,0.12222222222222222,,2.1739130434782608,1.0476190476190477,0.12222222222222222,0.0,True,67,5,4,False,False,terminal
Ferrara,E4,42,Isolation Forest,isolation_forest,decimate,2,0.17,2024-01-01 00:48:40,2024-01-01 00:55:40,0.12,0.12222222222222222,,2.1739130434782608,1.0476190476190477,0.12222222222222222,0.0,True,67,5,4,False,False,terminal
Ferrara,E4,42,Deep SVDD,deep_svdd,decimate,2,0.17,2024-01-01 00:48:40,2024-01-01 00:55:40,0.12,0.0,,0.0,0.0,0.0,0.0,False,67,5,4,False,False,terminal
Ferrara,E4,42,LSTM-Autoencoder,lstm_ae,decimate,2,0.17,2024-01-01 00:48:40,2024-01-01 00:55:40,0.12,0.12222222222222222,,2.1739130434782608,1.0476190476190477,0.12222222222222222,0.0,True,67,5,4,False,False,terminal
Ferrara,E4,42,TCN-Autoencoder,tcn,decimate,2,0.17,2024-01-01 00:48:40,2024-01-01 00:55:40,0.12,0.12222222222222222,,2.1739130434782608,1.0476190476190477,0.12222222222222222,0.0,True,67,5,4,False,False,terminal
Ferrara,E4,42,Transformer-AD,transformer_ad,decimate,2,0.17,2024-01-01 00:48:40,2024-01-01 00:55:40,0.12,0.12222222222222222,,2.1739130434782608,1.0476190476190477,0.12222222222222222,0.0,True,67,5,4,False,False,terminal
Ferrara,E4,42,RMS-Trend (kσ),rms_trend,decimate,5,0.42,2024-01-01 00:48:40,2024-01-01 00:55:40,0.12,0.0,,0.0,0.0,0.0,0.0,False,53,3,2,True,False,terminal
Ferrara,E4,42,3σ Rule (σ=3.0),three_sigma,decimate,5,0.42,2024-01-01 00:48:40,2024-01-01 00:55:40,0.12,0.12222222222222222,,2.7027027027027026,1.0476190476190477,0.12222222222222222,0.0,True,53,3,2,True,False,terminal
Ferrara,E4,42,"EWMA (λ=0.2, k=3.0)",ewma,decimate,5,0.42,2024-01-01 00:48:40,2024-01-01 00:55:40,0.12,0.12222222222222222,,2.7027027027027026,1.0476190476190477,0.12222222222222222,0.0,True,53,3,2,True,False,terminal
Ferrara,E4,42,"CUSUM (k=0.5, h=5.0)",cusum,decimate,5,0.42,2024-01-01 00:48:40,2024-01-01 00:55:40,0.12,0.12222222222222222,,2.7027027027027026,1.0476190476190477,0.12222222222222222,0.0,True,53,3,2,True,False,terminal
Ferrara,E4,42,Hotelling T²,hotelling_t2,decimate,5,0.42,2024-01-01 00:48:40,2024-01-01 00:55:40,0.12,0.37222222222222223,,10.81081081081081,3.1904761904761907,0.0,100.0,False,53,3,2,True,False,terminal
Ferrara,E4,42,Isolation Forest,isolation_forest,decimate,5,0.42,2024-01-01 00:48:40,2024-01-01 00:55:40,0.12,0.12222222222222222,,2.7027027027027026,1.0476190476190477,0.12222222222222222,0.0,True,53,3,2,True,False,terminal
Ferrara,E4,42,Deep SVDD,deep_svdd,decimate,5,0.42,2024-01-01 00:48:40,2024-01-01 00:55:40,0.12,0.0,,0.0,0.0,0.0,0.0,False,53,3,2,True,False,terminal
Ferrara,E4,42,LSTM-Autoencoder,lstm_ae,decimate,5,0.42,2024-01-01 00:48:40,2024-01-01 00:55:40,0.12,0.12222222222222222,,2.7027027027027026,1.0476190476190477,0.12222222222222222,0.0,True,53,3,2,True,False,terminal
Ferrara,E4,42,TCN-Autoencoder,tcn,decimate,5,0.42,2024-01-01 00:48:40,2024-01-01 00:55:40,0.12,0.12222222222222222,,2.7027027027027026,1.0476190476190477,0.12222222222222222,0.0,True,53,3,2,True,False,terminal
Ferrara,E4,42,Transformer-AD,transformer_ad,decimate,5,0.42,2024-01-01 00:48:40,2024-01-01 00:55:40,0.12,0.12222222222222222,,2.7027027027027026,1.0476190476190477,0.12222222222222222,0.0,True,53,3,2,True,False,terminal
Ferrara,E4,42,RMS-Trend (kσ),rms_trend,decimate,10,0.83,2024-01-01 00:48:40,2024-01-01 00:55:40,0.12,0.05277777777777778,0.06388888888888888,0.0,0.4523809523809524,0.05277777777777778,0.0,True,26,3,1,True,False,terminal
Ferrara,E4,42,3σ Rule (σ=3.0),three_sigma,decimate,10,0.83,2024-01-01 00:48:40,2024-01-01 00:55:40,0.12,0.12222222222222222,,5.263157894736842,1.0476190476190477,0.12222222222222222,0.0,True,26,3,1,True,False,terminal
Ferrara,E4,42,"EWMA (λ=0.2, k=3.0)",ewma,decimate,10,0.83,2024-01-01 00:48:40,2024-01-01 00:55:40,0.12,0.12222222222222222,,5.263157894736842,1.0476190476190477,0.12222222222222222,0.0,True,26,3,1,True,False,terminal
Ferrara,E4,42,"CUSUM (k=0.5, h=5.0)",cusum,decimate,10,0.83,2024-01-01 00:48:40,2024-01-01 00:55:40,0.12,0.12222222222222222,,5.263157894736842,1.0476190476190477,0.12222222222222222,0.0,True,26,3,1,True,False,terminal
Ferrara,E4,42,Hotelling T²,hotelling_t2,decimate,10,0.83,2024-01-01 00:48:40,2024-01-01 00:55:40,0.12,0.28888888888888886,,21.052631578947366,2.476190476190476,0.28888888888888886,0.0,False,26,3,1,True,False,terminal
Ferrara,E4,42,Isolation Forest,isolation_forest,decimate,10,0.83,2024-01-01 00:48:40,2024-01-01 00:55:40,0.12,0.12222222222222222,,5.263157894736842,1.0476190476190477,0.12222222222222222,0.0,True,26,3,1,True,False,terminal
Ferrara,E4,42,Deep SVDD,deep_svdd,decimate,10,0.83,2024-01-01 00:48:40,2024-01-01 00:55:40,0.12,0.05277777777777778,0.06388888888888888,0.0,0.4523809523809524,0.05277777777777778,0.0,True,26,3,1,True,False,terminal
Ferrara,E4,42,LSTM-Autoencoder,lstm_ae,decimate,10,0.83,2024-01-01 00:48:40,2024-01-01 00:55:40,0.12,,,,,,,False,26,3,1,True,False,terminal
Ferrara,E4,42,TCN-Autoencoder,tcn,decimate,10,0.83,2024-01-01 00:48:40,2024-01-01 00:55:40,0.12,,,,,,,False,26,3,1,True,False,terminal
Ferrara,E4,42,Transformer-AD,transformer_ad,decimate,10,0.83,2024-01-01 00:48:40,2024-01-01 00:55:40,0.12,,,,,,,False,26,3,1,True,False,terminal
Ferrara,E4,42,RMS-Trend (kσ),rms_trend,decimate,20,1.67,2024-01-01 00:48:40,2024-01-01 00:55:40,0.12,0.06666666666666667,0.05,0.0,0.5714285714285714,0.06666666666666667,0.0,True,13,3,1,True,False,terminal
Ferrara,E4,42,3σ Rule (σ=3.0),three_sigma,decimate,20,1.67,2024-01-01 00:48:40,2024-01-01 00:55:40,0.12,0.12222222222222222,,10.0,1.0476190476190477,0.12222222222222222,0.0,True,13,3,1,True,False,terminal
Ferrara,E4,42,"EWMA (λ=0.2, k=3.0)",ewma,decimate,20,1.67,2024-01-01 00:48:40,2024-01-01 00:55:40,0.12,0.2611111111111111,,60.0,2.238095238095238,0.2611111111111111,0.0,False,13,3,1,True,False,terminal
Ferrara,E4,42,"CUSUM (k=0.5, h=5.0)",cusum,decimate,20,1.67,2024-01-01 00:48:40,2024-01-01 00:55:40,0.12,0.2611111111111111,,60.0,2.238095238095238,0.2611111111111111,0.0,False,13,3,1,True,False,terminal
Ferrara,E4,42,Hotelling T²,hotelling_t2,decimate,20,1.67,2024-01-01 00:48:40,2024-01-01 00:55:40,0.12,0.37222222222222223,,80.0,3.1904761904761907,0.0,100.0,False,13,3,1,True,False,terminal
Ferrara,E4,42,Isolation Forest,isolation_forest,decimate,20,1.67,2024-01-01 00:48:40,2024-01-01 00:55:40,0.12,0.09444444444444444,0.022222222222222223,0.0,0.8095238095238095,0.09444444444444444,0.0,True,13,3,1,True,False,terminal
Ferrara,E4,42,Deep SVDD,deep_svdd,decimate,20,1.67,2024-01-01 00:48:40,2024-01-01 00:55:40,0.12,0.06666666666666667,0.05,0.0,0.5714285714285714,0.06666666666666667,0.0,True,13,3,1,True,False,terminal
Ferrara,E4,42,LSTM-Autoencoder,lstm_ae,decimate,20,1.67,2024-01-01 00:48:40,2024-01-01 00:55:40,0.12,,,,,,,False,13,3,1,True,False,terminal
Ferrara,E4,42,TCN-Autoencoder,tcn,decimate,20,1.67,2024-01-01 00:48:40,2024-01-01 00:55:40,0.12,,,,,,,False,13,3,1,True,False,terminal
Ferrara,E4,42,Transformer-AD,transformer_ad,decimate,20,1.67,2024-01-01 00:48:40,2024-01-01 00:55:40,0.12,,,,,,,False,13,3,1,True,False,terminal
Ferrara,E5,42,RMS-Trend (kσ),rms_trend,aggregate,1,0.08,2024-01-01 02:17:30,2024-01-01 02:23:20,0.1,0.09027777777777778,0.006944444444444444,0.0,0.9285714285714285,0.09027777777777778,0.0,True,138,10,3,False,False,terminal
Ferrara,E5,42,3σ Rule (σ=3.0),three_sigma,aggregate,1,0.08,2024-01-01 02:17:30,2024-01-01 02:23:20,0.1,0.09722222222222222,0.0,0.0,1.0,0.09722222222222222,0.0,True,138,10,3,False,False,terminal
Ferrara,E5,42,"EWMA (λ=0.2, k=3.0)",ewma,aggregate,1,0.08,2024-01-01 02:17:30,2024-01-01 02:23:20,0.1,0.09722222222222222,0.0,0.0,1.0,0.09722222222222222,0.0,True,138,10,3,False,False,terminal
Ferrara,E5,42,"CUSUM (k=0.5, h=5.0)",cusum,aggregate,1,0.08,2024-01-01 02:17:30,2024-01-01 02:23:20,0.1,0.09722222222222222,0.0,0.0,1.0,0.09722222222222222,0.0,True,138,10,3,False,False,terminal
Ferrara,E5,42,Hotelling T²,hotelling_t2,aggregate,1,0.08,2024-01-01 02:17:30,2024-01-01 02:23:20,0.1,0.09722222222222222,0.0,0.0,1.0,0.09722222222222222,0.0,True,138,10,3,False,False,terminal
Ferrara,E5,42,Isolation Forest,isolation_forest,aggregate,1,0.08,2024-01-01 02:17:30,2024-01-01 02:23:20,0.1,0.09722222222222222,0.0,0.0,1.0,0.09722222222222222,0.0,True,138,10,3,False,False,terminal
Ferrara,E5,42,Deep SVDD,deep_svdd,aggregate,1,0.08,2024-01-01 02:17:30,2024-01-01 02:23:20,0.1,0.0,,0.0,0.0,0.0,0.0,False,138,10,3,False,False,terminal
Ferrara,E5,42,LSTM-Autoencoder,lstm_ae,aggregate,1,0.08,2024-01-01 02:17:30,2024-01-01 02:23:20,0.1,0.7569444444444444,,53.2258064516129,7.785714285714286,0.7569444444444444,0.0,False,138,10,3,False,False,terminal
Ferrara,E5,42,TCN-Autoencoder,tcn,aggregate,1,0.08,2024-01-01 02:17:30,2024-01-01 02:23:20,0.1,0.7569444444444444,,60.483870967741936,7.785714285714286,0.7569444444444444,0.0,False,138,10,3,False,False,terminal
Ferrara,E5,42,Transformer-AD,transformer_ad,aggregate,1,0.08,2024-01-01 02:17:30,2024-01-01 02:23:20,0.1,0.7430555555555556,,30.64516129032258,7.642857142857143,0.7430555555555556,0.0,False,138,10,3,False,False,terminal
Ferrara,E5,42,RMS-Trend (kσ),rms_trend,aggregate,2,0.17,2024-01-01 02:17:30,2024-01-01 02:23:20,0.1,0.09444444444444444,0.002777777777777778,0.0,0.9714285714285714,0.09444444444444444,0.0,True,172,5,4,False,False,terminal
Ferrara,E5,42,3σ Rule (σ=3.0),three_sigma,aggregate,2,0.17,2024-01-01 02:17:30,2024-01-01 02:23:20,0.1,0.1,,0.6451612903225806,1.0285714285714287,0.1,0.0,True,172,5,4,False,False,terminal
Ferrara,E5,42,"EWMA (λ=0.2, k=3.0)",ewma,aggregate,2,0.17,2024-01-01 02:17:30,2024-01-01 02:23:20,0.1,0.1,,0.6451612903225806,1.0285714285714287,0.1,0.0,True,172,5,4,False,False,terminal
Ferrara,E5,42,"CUSUM (k=0.5, h=5.0)",cusum,aggregate,2,0.17,2024-01-01 02:17:30,2024-01-01 02:23:20,0.1,0.09444444444444444,0.002777777777777778,0.0,0.9714285714285714,0.09444444444444444,0.0,True,172,5,4,False,False,terminal
Ferrara,E5,42,Hotelling T²,hotelling_t2,aggregate,2,0.17,2024-01-01 02:17:30,2024-01-01 02:23:20,0.1,0.1,,0.6451612903225806,1.0285714285714287,0.1,0.0,True,172,5,4,False,False,terminal
Ferrara,E5,42,Isolation Forest,isolation_forest,aggregate,2,0.17,2024-01-01 02:17:30,2024-01-01 02:23:20,0.1,0.1,,0.6451612903225806,1.0285714285714287,0.1,0.0,True,172,5,4,False,False,terminal
Ferrara,E5,42,Deep SVDD,deep_svdd,aggregate,2,0.17,2024-01-01 02:17:30,2024-01-01 02:23:20,0.1,0.0,,0.0,0.0,0.0,0.0,False,172,5,4,False,False,terminal
Ferrara,E5,42,LSTM-Autoencoder,lstm_ae,aggregate,2,0.17,2024-01-01 02:17:30,2024-01-01 02:23:20,0.1,0.7944444444444444,,53.5483870967742,8.17142857142857,0.7944444444444444,0.0,False,172,5,4,False,False,terminal
Ferrara,E5,42,TCN-Autoencoder,tcn,aggregate,2,0.17,2024-01-01 02:17:30,2024-01-01 02:23:20,0.1,0.7944444444444444,,57.41935483870968,8.17142857142857,0.7944444444444444,0.0,False,172,5,4,False,False,terminal
Ferrara,E5,42,Transformer-AD,transformer_ad,aggregate,2,0.17,2024-01-01 02:17:30,2024-01-01 02:23:20,0.1,0.7944444444444444,,52.25806451612903,8.17142857142857,0.7944444444444444,0.0,False,172,5,4,False,False,terminal
Ferrara,E5,42,RMS-Trend (kσ),rms_trend,aggregate,5,0.42,2024-01-01 02:17:30,2024-01-01 02:23:20,0.1,0.09722222222222222,0.0,0.0,1.0,0.09722222222222222,0.0,True,138,3,2,True,False,terminal
Ferrara,E5,42,3σ Rule (σ=3.0),three_sigma,aggregate,5,0.42,2024-01-01 02:17:30,2024-01-01 02:23:20,0.1,0.10416666666666667,,0.8064516129032258,1.0714285714285714,0.10416666666666667,0.0,True,138,3,2,True,False,terminal
Ferrara,E5,42,"EWMA (λ=0.2, k=3.0)",ewma,aggregate,5,0.42,2024-01-01 02:17:30,2024-01-01 02:23:20,0.1,0.10416666666666667,,0.8064516129032258,1.0714285714285714,0.10416666666666667,0.0,True,138,3,2,True,False,terminal
Ferrara,E5,42,"CUSUM (k=0.5, h=5.0)",cusum,aggregate,5,0.42,2024-01-01 02:17:30,2024-01-01 02:23:20,0.1,0.10416666666666667,,0.8064516129032258,1.0714285714285714,0.10416666666666667,0.0,True,138,3,2,True,False,terminal
Ferrara,E5,42,Hotelling T²,hotelling_t2,aggregate,5,0.42,2024-01-01 02:17:30,2024-01-01 02:23:20,0.1,0.9097222222222222,,14.516129032258066,9.357142857142858,0.9097222222222222,0.0,False,138,3,2,True,False,terminal
Ferrara,E5,42,Isolation Forest,isolation_forest,aggregate,5,0.42,2024-01-01 02:17:30,2024-01-01 02:23:20,0.1,0.10416666666666667,,0.8064516129032258,1.0714285714285714,0.10416666666666667,0.0,True,138,3,2,True,False,terminal
Ferrara,E5,42,Deep SVDD,deep_svdd,aggregate,5,0.42,2024-01-01 02:17:30,2024-01-01 02:23:20,0.1,0.09722222222222222,0.0,0.0,1.0,0.09722222222222222,0.0,True,138,3,2,True,False,terminal
Ferrara,E5,42,LSTM-Autoencoder,lstm_ae,aggregate,5,0.42,2024-01-01 02:17:30,2024-01-01 02:23:20,0.1,0.9583333333333334,,100.0,9.857142857142858,0.0,100.0,False,138,3,2,True,False,terminal
Ferrara,E5,42,TCN-Autoencoder,tcn,aggregate,5,0.42,2024-01-01 02:17:30,2024-01-01 02:23:20,0.1,0.7569444444444444,,75.80645161290323,7.785714285714286,0.7569444444444444,0.0,False,138,3,2,True,False,terminal
Ferrara,E5,42,Transformer-AD,transformer_ad,aggregate,5,0.42,2024-01-01 02:17:30,2024-01-01 02:23:20,0.1,0.9583333333333334,,100.0,9.857142857142858,0.0,100.0,False,138,3,2,True,False,terminal
Ferrara,E5,42,RMS-Trend (kσ),rms_trend,aggregate,10,0.83,2024-01-01 02:17:30,2024-01-01 02:23:20,0.1,0.1111111111111111,,1.6129032258064515,1.1428571428571428,0.1111111111111111,0.0,True,69,3,1,True,False,terminal
Ferrara,E5,42,3σ Rule (σ=3.0),three_sigma,aggregate,10,0.83,2024-01-01 02:17:30,2024-01-01 02:23:20,0.1,0.9166666666666666,,14.516129032258066,9.428571428571429,0.0,25.0,False,69,3,1,True,False,terminal
Ferrara,E5,42,"EWMA (λ=0.2, k=3.0)",ewma,aggregate,10,0.83,2024-01-01 02:17:30,2024-01-01 02:23:20,0.1,0.4861111111111111,,3.225806451612903,5.0,0.4861111111111111,0.0,True,69,3,1,True,False,terminal
Ferrara,E5,42,"CUSUM (k=0.5, h=5.0)",cusum,aggregate,10,0.83,2024-01-01 02:17:30,2024-01-01 02:23:20,0.1,0.1111111111111111,,1.6129032258064515,1.1428571428571428,0.1111111111111111,0.0,True,69,3,1,True,False,terminal
Ferrara,E5,42,Hotelling T²,hotelling_t2,aggregate,10,0.83,2024-01-01 02:17:30,2024-01-01 02:23:20,0.1,0.9166666666666666,,22.58064516129032,9.428571428571429,0.0,25.0,False,69,3,1,True,False,terminal
Ferrara,E5,42,Isolation Forest,isolation_forest,aggregate,10,0.83,2024-01-01 02:17:30,2024-01-01 02:23:20,0.1,0.1111111111111111,,1.6129032258064515,1.1428571428571428,0.1111111111111111,0.0,True,69,3,1,True,False,terminal
Ferrara,E5,42,Deep SVDD,deep_svdd,aggregate,10,0.83,2024-01-01 02:17:30,2024-01-01 02:23:20,0.1,0.09722222222222222,0.0,0.0,1.0,0.09722222222222222,0.0,True,69,3,1,True,False,terminal
Ferrara,E5,42,LSTM-Autoencoder,lstm_ae,aggregate,10,0.83,2024-01-01 02:17:30,2024-01-01 02:23:20,0.1,0.9583333333333334,,100.0,9.857142857142858,0.0,100.0,False,69,3,1,True,False,terminal
Ferrara,E5,42,TCN-Autoencoder,tcn,aggregate,10,0.83,2024-01-01 02:17:30,2024-01-01 02:23:20,0.1,0.9583333333333334,,100.0,9.857142857142858,0.0,100.0,False,69,3,1,True,False,terminal
Ferrara,E5,42,Transformer-AD,transformer_ad,aggregate,10,0.83,2024-01-01 02:17:30,2024-01-01 02:23:20,0.1,0.9583333333333334,,100.0,9.857142857142858,0.0,100.0,False,69,3,1,True,False,terminal
Ferrara,E5,42,RMS-Trend (kσ),rms_trend,aggregate,20,1.67,2024-01-01 02:17:30,2024-01-01 02:23:20,0.1,0.1111111111111111,,3.225806451612903,1.1428571428571428,0.1111111111111111,0.0,True,34,3,1,True,False,terminal
Ferrara,E5,42,3σ Rule (σ=3.0),three_sigma,aggregate,20,1.67,2024-01-01 02:17:30,2024-01-01 02:23:20,0.1,0.9444444444444444,,22.58064516129032,9.714285714285714,0.0,50.0,False,34,3,1,True,False,terminal
Ferrara,E5,42,"EWMA (λ=0.2, k=3.0)",ewma,aggregate,20,1.67,2024-01-01 02:17:30,2024-01-01 02:23:20,0.1,0.5277777777777778,,45.16129032258064,5.428571428571429,0.5277777777777778,0.0,False,34,3,1,True,False,terminal
Ferrara,E5,42,"CUSUM (k=0.5, h=5.0)",cusum,aggregate,20,1.67,2024-01-01 02:17:30,2024-01-01 02:23:20,0.1,0.5,,48.38709677419355,5.142857142857142,0.5,0.0,False,34,3,1,True,False,terminal
Ferrara,E5,42,Hotelling T²,hotelling_t2,aggregate,20,1.67,2024-01-01 02:17:30,2024-01-01 02:23:20,0.1,0.9444444444444444,,74.19354838709677,9.714285714285714,0.0,100.0,False,34,3,1,True,False,terminal
Ferrara,E5,42,Isolation Forest,isolation_forest,aggregate,20,1.67,2024-01-01 02:17:30,2024-01-01 02:23:20,0.1,0.9444444444444444,,12.903225806451612,9.714285714285714,0.0,50.0,False,34,3,1,True,False,terminal
Ferrara,E5,42,Deep SVDD,deep_svdd,aggregate,20,1.67,2024-01-01 02:17:30,2024-01-01 02:23:20,0.1,0.027777777777777776,0.06944444444444445,0.0,0.2857142857142857,0.027777777777777776,0.0,True,34,3,1,True,False,terminal
Ferrara,E5,42,LSTM-Autoencoder,lstm_ae,aggregate,20,1.67,2024-01-01 02:17:30,2024-01-01 02:23:20,0.1,0.9444444444444444,,100.0,9.714285714285714,0.0,100.0,False,34,3,1,True,False,terminal
Ferrara,E5,42,TCN-Autoencoder,tcn,aggregate,20,1.67,2024-01-01 02:17:30,2024-01-01 02:23:20,0.1,0.9444444444444444,,100.0,9.714285714285714,0.0,100.0,False,34,3,1,True,False,terminal
Ferrara,E5,42,Transformer-AD,transformer_ad,aggregate,20,1.67,2024-01-01 02:17:30,2024-01-01 02:23:20,0.1,0.9444444444444444,,100.0,9.714285714285714,0.0,100.0,False,34,3,1,True,False,terminal
Ferrara,E5,42,RMS-Trend (kσ),rms_trend,decimate,1,0.08,2024-01-01 02:17:30,2024-01-01 02:23:20,0.1,0.09027777777777778,0.006944444444444444,0.0,0.9285714285714285,0.09027777777777778,0.0,True,138,10,3,False,False,terminal
Ferrara,E5,42,3σ Rule (σ=3.0),three_sigma,decimate,1,0.08,2024-01-01 02:17:30,2024-01-01 02:23:20,0.1,0.09722222222222222,0.0,0.0,1.0,0.09722222222222222,0.0,True,138,10,3,False,False,terminal
Ferrara,E5,42,"EWMA (λ=0.2, k=3.0)",ewma,decimate,1,0.08,2024-01-01 02:17:30,2024-01-01 02:23:20,0.1,0.09722222222222222,0.0,0.0,1.0,0.09722222222222222,0.0,True,138,10,3,False,False,terminal
Ferrara,E5,42,"CUSUM (k=0.5, h=5.0)",cusum,decimate,1,0.08,2024-01-01 02:17:30,2024-01-01 02:23:20,0.1,0.09722222222222222,0.0,0.0,1.0,0.09722222222222222,0.0,True,138,10,3,False,False,terminal
Ferrara,E5,42,Hotelling T²,hotelling_t2,decimate,1,0.08,2024-01-01 02:17:30,2024-01-01 02:23:20,0.1,0.09722222222222222,0.0,0.0,1.0,0.09722222222222222,0.0,True,138,10,3,False,False,terminal
Ferrara,E5,42,Isolation Forest,isolation_forest,decimate,1,0.08,2024-01-01 02:17:30,2024-01-01 02:23:20,0.1,0.09722222222222222,0.0,0.0,1.0,0.09722222222222222,0.0,True,138,10,3,False,False,terminal
Ferrara,E5,42,Deep SVDD,deep_svdd,decimate,1,0.08,2024-01-01 02:17:30,2024-01-01 02:23:20,0.1,0.0,,0.0,0.0,0.0,0.0,False,138,10,3,False,False,terminal
Ferrara,E5,42,LSTM-Autoencoder,lstm_ae,decimate,1,0.08,2024-01-01 02:17:30,2024-01-01 02:23:20,0.1,0.7569444444444444,,53.2258064516129,7.785714285714286,0.7569444444444444,0.0,False,138,10,3,False,False,terminal
Ferrara,E5,42,TCN-Autoencoder,tcn,decimate,1,0.08,2024-01-01 02:17:30,2024-01-01 02:23:20,0.1,0.7569444444444444,,60.483870967741936,7.785714285714286,0.7569444444444444,0.0,False,138,10,3,False,False,terminal
Ferrara,E5,42,Transformer-AD,transformer_ad,decimate,1,0.08,2024-01-01 02:17:30,2024-01-01 02:23:20,0.1,0.7430555555555556,,30.64516129032258,7.642857142857143,0.7430555555555556,0.0,False,138,10,3,False,False,terminal
Ferrara,E5,42,RMS-Trend (kσ),rms_trend,decimate,2,0.17,2024-01-01 02:17:30,2024-01-01 02:23:20,0.1,0.09444444444444444,0.002777777777777778,0.0,0.9714285714285714,0.09444444444444444,0.0,True,172,5,4,False,False,terminal
Ferrara,E5,42,3σ Rule (σ=3.0),three_sigma,decimate,2,0.17,2024-01-01 02:17:30,2024-01-01 02:23:20,0.1,0.1,,0.6451612903225806,1.0285714285714287,0.1,0.0,True,172,5,4,False,False,terminal
Ferrara,E5,42,"EWMA (λ=0.2, k=3.0)",ewma,decimate,2,0.17,2024-01-01 02:17:30,2024-01-01 02:23:20,0.1,0.09444444444444444,0.002777777777777778,0.0,0.9714285714285714,0.09444444444444444,0.0,True,172,5,4,False,False,terminal
Ferrara,E5,42,"CUSUM (k=0.5, h=5.0)",cusum,decimate,2,0.17,2024-01-01 02:17:30,2024-01-01 02:23:20,0.1,0.09444444444444444,0.002777777777777778,0.0,0.9714285714285714,0.09444444444444444,0.0,True,172,5,4,False,False,terminal
Ferrara,E5,42,Hotelling T²,hotelling_t2,decimate,2,0.17,2024-01-01 02:17:30,2024-01-01 02:23:20,0.1,0.1,,0.6451612903225806,1.0285714285714287,0.1,0.0,True,172,5,4,False,False,terminal
Ferrara,E5,42,Isolation Forest,isolation_forest,decimate,2,0.17,2024-01-01 02:17:30,2024-01-01 02:23:20,0.1,0.1,,0.6451612903225806,1.0285714285714287,0.1,0.0,True,172,5,4,False,False,terminal
Ferrara,E5,42,Deep SVDD,deep_svdd,decimate,2,0.17,2024-01-01 02:17:30,2024-01-01 02:23:20,0.1,0.0,,0.0,0.0,0.0,0.0,False,172,5,4,False,False,terminal
Ferrara,E5,42,LSTM-Autoencoder,lstm_ae,decimate,2,0.17,2024-01-01 02:17:30,2024-01-01 02:23:20,0.1,0.5111111111111111,,11.612903225806452,5.257142857142856,0.5111111111111111,0.0,False,172,5,4,False,False,terminal
Ferrara,E5,42,TCN-Autoencoder,tcn,decimate,2,0.17,2024-01-01 02:17:30,2024-01-01 02:23:20,0.1,0.7777777777777778,,37.41935483870968,8.0,0.7777777777777778,0.0,False,172,5,4,False,False,terminal
Ferrara,E5,42,Transformer-AD,transformer_ad,decimate,2,0.17,2024-01-01 02:17:30,2024-01-01 02:23:20,0.1,0.09444444444444444,0.002777777777777778,0.0,0.9714285714285714,0.09444444444444444,0.0,True,172,5,4,False,False,terminal
Ferrara,E5,42,RMS-Trend (kσ),rms_trend,decimate,5,0.42,2024-01-01 02:17:30,2024-01-01 02:23:20,0.1,0.09722222222222222,0.0,0.0,1.0,0.09722222222222222,0.0,True,138,3,2,True,False,terminal
Ferrara,E5,42,3σ Rule (σ=3.0),three_sigma,decimate,5,0.42,2024-01-01 02:17:30,2024-01-01 02:23:20,0.1,0.9027777777777778,,8.064516129032258,9.285714285714286,0.9027777777777778,0.0,True,138,3,2,True,False,terminal
Ferrara,E5,42,"EWMA (λ=0.2, k=3.0)",ewma,decimate,5,0.42,2024-01-01 02:17:30,2024-01-01 02:23:20,0.1,0.5138888888888888,,5.64516129032258,5.285714285714285,0.5138888888888888,0.0,True,138,3,2,True,False,terminal
Ferrara,E5,42,"CUSUM (k=0.5, h=5.0)",cusum,decimate,5,0.42,2024-01-01 02:17:30,2024-01-01 02:23:20,0.1,0.09722222222222222,0.0,0.0,1.0,0.09722222222222222,0.0,True,138,3,2,True,False,terminal
Ferrara,E5,42,Hotelling T²,hotelling_t2,decimate,5,0.42,2024-01-01 02:17:30,2024-01-01 02:23:20,0.1,0.9027777777777778,,9.67741935483871,9.285714285714286,0.9027777777777778,0.0,True,138,3,2,True,False,terminal
Ferrara,E5,42,Isolation Forest,isolation_forest,decimate,5,0.42,2024-01-01 02:17:30,2024-01-01 02:23:20,0.1,0.9027777777777778,,8.064516129032258,9.285714285714286,0.9027777777777778,0.0,True,138,3,2,True,False,terminal
Ferrara,E5,42,Deep SVDD,deep_svdd,decimate,5,0.42,2024-01-01 02:17:30,2024-01-01 02:23:20,0.1,0.09027777777777778,0.006944444444444444,0.0,0.9285714285714285,0.09027777777777778,0.0,True,138,3,2,True,False,terminal
Ferrara,E5,42,LSTM-Autoencoder,lstm_ae,decimate,5,0.42,2024-01-01 02:17:30,2024-01-01 02:23:20,0.1,0.7569444444444444,,56.451612903225815,7.785714285714286,0.7569444444444444,0.0,False,138,3,2,True,False,terminal
Ferrara,E5,42,TCN-Autoencoder,tcn,decimate,5,0.42,2024-01-01 02:17:30,2024-01-01 02:23:20,0.1,0.7569444444444444,,55.64516129032258,7.785714285714286,0.7569444444444444,0.0,False,138,3,2,True,False,terminal
Ferrara,E5,42,Transformer-AD,transformer_ad,decimate,5,0.42,2024-01-01 02:17:30,2024-01-01 02:23:20,0.1,0.7569444444444444,,53.2258064516129,7.785714285714286,0.7569444444444444,0.0,False,138,3,2,True,False,terminal
Ferrara,E5,42,RMS-Trend (kσ),rms_trend,decimate,10,0.83,2024-01-01 02:17:30,2024-01-01 02:23:20,0.1,0.09722222222222222,0.0,0.0,1.0,0.09722222222222222,0.0,True,69,3,1,True,False,terminal
Ferrara,E5,42,3σ Rule (σ=3.0),three_sigma,decimate,10,0.83,2024-01-01 02:17:30,2024-01-01 02:23:20,0.1,0.4861111111111111,,4.838709677419355,5.0,0.4861111111111111,0.0,True,69,3,1,True,False,terminal
Ferrara,E5,42,"EWMA (λ=0.2, k=3.0)",ewma,decimate,10,0.83,2024-01-01 02:17:30,2024-01-01 02:23:20,0.1,0.09722222222222222,0.0,0.0,1.0,0.09722222222222222,0.0,True,69,3,1,True,False,terminal
Ferrara,E5,42,"CUSUM (k=0.5, h=5.0)",cusum,decimate,10,0.83,2024-01-01 02:17:30,2024-01-01 02:23:20,0.1,0.09722222222222222,0.0,0.0,1.0,0.09722222222222222,0.0,True,69,3,1,True,False,terminal
Ferrara,E5,42,Hotelling T²,hotelling_t2,decimate,10,0.83,2024-01-01 02:17:30,2024-01-01 02:23:20,0.1,0.5416666666666666,,8.064516129032258,5.571428571428571,0.5416666666666666,0.0,True,69,3,1,True,False,terminal
Ferrara,E5,42,Isolation Forest,isolation_forest,decimate,10,0.83,2024-01-01 02:17:30,2024-01-01 02:23:20,0.1,0.4861111111111111,,4.838709677419355,5.0,0.4861111111111111,0.0,True,69,3,1,True,False,terminal
Ferrara,E5,42,Deep SVDD,deep_svdd,decimate,10,0.83,2024-01-01 02:17:30,2024-01-01 02:23:20,0.1,0.027777777777777776,0.06944444444444445,0.0,0.2857142857142857,0.027777777777777776,0.0,True,69,3,1,True,False,terminal
Ferrara,E5,42,LSTM-Autoencoder,lstm_ae,decimate,10,0.83,2024-01-01 02:17:30,2024-01-01 02:23:20,0.1,0.9583333333333334,,100.0,9.857142857142858,0.0,100.0,False,69,3,1,True,False,terminal
Ferrara,E5,42,TCN-Autoencoder,tcn,decimate,10,0.83,2024-01-01 02:17:30,2024-01-01 02:23:20,0.1,0.9583333333333334,,100.0,9.857142857142858,0.0,100.0,False,69,3,1,True,False,terminal
Ferrara,E5,42,Transformer-AD,transformer_ad,decimate,10,0.83,2024-01-01 02:17:30,2024-01-01 02:23:20,0.1,0.9583333333333334,,100.0,9.857142857142858,0.0,100.0,False,69,3,1,True,False,terminal
Ferrara,E5,42,RMS-Trend (kσ),rms_trend,decimate,20,1.67,2024-01-01 02:17:30,2024-01-01 02:23:20,0.1,0.1111111111111111,,3.225806451612903,1.1428571428571428,0.1111111111111111,0.0,True,34,3,1,True,False,terminal
Ferrara,E5,42,3σ Rule (σ=3.0),three_sigma,decimate,20,1.67,2024-01-01 02:17:30,2024-01-01 02:23:20,0.1,0.7222222222222222,,25.806451612903224,7.428571428571428,0.7222222222222222,0.0,False,34,3,1,True,False,terminal
Ferrara,E5,42,"EWMA (λ=0.2, k=3.0)",ewma,decimate,20,1.67,2024-01-01 02:17:30,2024-01-01 02:23:20,0.1,0.1111111111111111,,3.225806451612903,1.1428571428571428,0.1111111111111111,0.0,True,34,3,1,True,False,terminal
Ferrara,E5,42,"CUSUM (k=0.5, h=5.0)",cusum,decimate,20,1.67,2024-01-01 02:17:30,2024-01-01 02:23:20,0.1,0.1111111111111111,,3.225806451612903,1.1428571428571428,0.1111111111111111,0.0,True,34,3,1,True,False,terminal
Ferrara,E5,42,Hotelling T²,hotelling_t2,decimate,20,1.67,2024-01-01 02:17:30,2024-01-01 02:23:20,0.1,0.7777777777777778,,41.935483870967744,8.0,0.7777777777777778,0.0,False,34,3,1,True,False,terminal
Ferrara,E5,42,Isolation Forest,isolation_forest,decimate,20,1.67,2024-01-01 02:17:30,2024-01-01 02:23:20,0.1,0.5555555555555556,,22.58064516129032,5.714285714285714,0.5555555555555556,0.0,False,34,3,1,True,False,terminal
Ferrara,E5,42,Deep SVDD,deep_svdd,decimate,20,1.67,2024-01-01 02:17:30,2024-01-01 02:23:20,0.1,0.1111111111111111,,3.225806451612903,1.1428571428571428,0.1111111111111111,0.0,True,34,3,1,True,False,terminal
Ferrara,E5,42,LSTM-Autoencoder,lstm_ae,decimate,20,1.67,2024-01-01 02:17:30,2024-01-01 02:23:20,0.1,0.9444444444444444,,100.0,9.714285714285714,0.0,100.0,False,34,3,1,True,False,terminal
Ferrara,E5,42,TCN-Autoencoder,tcn,decimate,20,1.67,2024-01-01 02:17:30,2024-01-01 02:23:20,0.1,0.9444444444444444,,100.0,9.714285714285714,0.0,100.0,False,34,3,1,True,False,terminal
Ferrara,E5,42,Transformer-AD,transformer_ad,decimate,20,1.67,2024-01-01 02:17:30,2024-01-01 02:23:20,0.1,0.9444444444444444,,100.0,9.714285714285714,0.0,100.0,False,34,3,1,True,False,terminal
Ferrara,E6,42,RMS-Trend (kσ),rms_trend,aggregate,1,0.08,2024-01-01 00:28:35,2024-01-01 00:42:20,0.23,0.12916666666666668,0.1,0.0,0.5636363636363637,0.12916666666666668,0.0,True,40,10,3,False,False,terminal
Ferrara,E6,42,3σ Rule (σ=3.0),three_sigma,aggregate,1,0.08,2024-01-01 00:28:35,2024-01-01 00:42:20,0.23,0.1361111111111111,0.09305555555555556,0.0,0.5939393939393939,0.1361111111111111,0.0,True,40,10,3,False,False,terminal
Ferrara,E6,42,"EWMA (λ=0.2, k=3.0)",ewma,aggregate,1,0.08,2024-01-01 00:28:35,2024-01-01 00:42:20,0.23,0.18472222222222223,0.044444444444444446,0.0,0.8060606060606061,0.18472222222222223,0.0,True,40,10,3,False,False,terminal
Ferrara,E6,42,"CUSUM (k=0.5, h=5.0)",cusum,aggregate,1,0.08,2024-01-01 00:28:35,2024-01-01 00:42:20,0.23,0.18472222222222223,0.044444444444444446,0.0,0.8060606060606061,0.18472222222222223,0.0,True,40,10,3,False,False,terminal
Ferrara,E6,42,Hotelling T²,hotelling_t2,aggregate,1,0.08,2024-01-01 00:28:35,2024-01-01 00:42:20,0.23,0.23333333333333334,,12.5,1.0181818181818183,0.23333333333333334,0.0,False,40,10,3,False,False,terminal
Ferrara,E6,42,Isolation Forest,isolation_forest,aggregate,1,0.08,2024-01-01 00:28:35,2024-01-01 00:42:20,0.23,0.0,,0.0,0.0,0.0,0.0,False,40,10,3,False,False,terminal
Ferrara,E6,42,Deep SVDD,deep_svdd,aggregate,1,0.08,2024-01-01 00:28:35,2024-01-01 00:42:20,0.23,0.0,,0.0,0.0,0.0,0.0,False,40,10,3,False,False,terminal
Ferrara,E6,42,LSTM-Autoencoder,lstm_ae,aggregate,1,0.08,2024-01-01 00:28:35,2024-01-01 00:42:20,0.23,0.28194444444444444,,100.0,1.2303030303030302,0.0,100.0,False,40,10,3,False,False,terminal
Ferrara,E6,42,TCN-Autoencoder,tcn,aggregate,1,0.08,2024-01-01 00:28:35,2024-01-01 00:42:20,0.23,0.28194444444444444,,100.0,1.2303030303030302,0.0,100.0,False,40,10,3,False,False,terminal
Ferrara,E6,42,Transformer-AD,transformer_ad,aggregate,1,0.08,2024-01-01 00:28:35,2024-01-01 00:42:20,0.23,0.28194444444444444,,100.0,1.2303030303030302,0.0,100.0,False,40,10,3,False,False,terminal
Ferrara,E6,42,RMS-Trend (kσ),rms_trend,aggregate,2,0.17,2024-01-01 00:28:35,2024-01-01 00:42:20,0.23,0.13333333333333333,0.09583333333333334,0.0,0.5818181818181818,0.13333333333333333,0.0,True,51,5,4,False,False,terminal
Ferrara,E6,42,3σ Rule (σ=3.0),three_sigma,aggregate,2,0.17,2024-01-01 00:28:35,2024-01-01 00:42:20,0.23,0.18888888888888888,0.04027777777777778,0.0,0.8242424242424242,0.18888888888888888,0.0,True,51,5,4,False,False,terminal
Ferrara,E6,42,"EWMA (λ=0.2, k=3.0)",ewma,aggregate,2,0.17,2024-01-01 00:28:35,2024-01-01 00:42:20,0.23,0.2,0.029166666666666667,0.0,0.8727272727272728,0.2,0.0,True,51,5,4,False,False,terminal
Ferrara,E6,42,"CUSUM (k=0.5, h=5.0)",cusum,aggregate,2,0.17,2024-01-01 00:28:35,2024-01-01 00:42:20,0.23,0.21666666666666667,0.0125,0.0,0.9454545454545455,0.21666666666666667,0.0,True,51,5,4,False,False,terminal
Ferrara,E6,42,Hotelling T²,hotelling_t2,aggregate,2,0.17,2024-01-01 00:28:35,2024-01-01 00:42:20,0.23,0.23333333333333334,,10.0,1.0181818181818183,0.23333333333333334,0.0,True,51,5,4,False,False,terminal
Ferrara,E6,42,Isolation Forest,isolation_forest,aggregate,2,0.17,2024-01-01 00:28:35,2024-01-01 00:42:20,0.23,0.0,,0.0,0.0,0.0,0.0,False,51,5,4,False,False,terminal
Ferrara,E6,42,Deep SVDD,deep_svdd,aggregate,2,0.17,2024-01-01 00:28:35,2024-01-01 00:42:20,0.23,0.0,,0.0,0.0,0.0,0.0,False,51,5,4,False,False,terminal
Ferrara,E6,42,LSTM-Autoencoder,lstm_ae,aggregate,2,0.17,2024-01-01 00:28:35,2024-01-01 00:42:20,0.23,0.2833333333333333,,100.0,1.2363636363636363,0.0,100.0,False,51,5,4,False,False,terminal
Ferrara,E6,42,TCN-Autoencoder,tcn,aggregate,2,0.17,2024-01-01 00:28:35,2024-01-01 00:42:20,0.23,0.2833333333333333,,100.0,1.2363636363636363,0.0,100.0,False,51,5,4,False,False,terminal
Ferrara,E6,42,Transformer-AD,transformer_ad,aggregate,2,0.17,2024-01-01 00:28:35,2024-01-01 00:42:20,0.23,0.2833333333333333,,100.0,1.2363636363636363,0.0,100.0,False,51,5,4,False,False,terminal
Ferrara,E6,42,RMS-Trend (kσ),rms_trend,aggregate,5,0.42,2024-01-01 00:28:35,2024-01-01 00:42:20,0.23,0.18472222222222223,0.044444444444444446,0.0,0.8060606060606061,0.18472222222222223,0.0,True,40,3,2,True,False,terminal
Ferrara,E6,42,3σ Rule (σ=3.0),three_sigma,aggregate,5,0.42,2024-01-01 00:28:35,2024-01-01 00:42:20,0.23,0.24027777777777778,,25.0,1.0484848484848486,0.24027777777777778,0.0,False,40,3,2,True,False,terminal
Ferrara,E6,42,"EWMA (λ=0.2, k=3.0)",ewma,aggregate,5,0.42,2024-01-01 00:28:35,2024-01-01 00:42:20,0.23,0.23333333333333334,,12.5,1.0181818181818183,0.23333333333333334,0.0,False,40,3,2,True,False,terminal
Ferrara,E6,42,"CUSUM (k=0.5, h=5.0)",cusum,aggregate,5,0.42,2024-01-01 00:28:35,2024-01-01 00:42:20,0.23,0.23333333333333334,,12.5,1.0181818181818183,0.23333333333333334,0.0,False,40,3,2,True,False,terminal
Ferrara,E6,42,Hotelling T²,hotelling_t2,aggregate,5,0.42,2024-01-01 00:28:35,2024-01-01 00:42:20,0.23,0.24027777777777778,,25.0,1.0484848484848486,0.24027777777777778,0.0,False,40,3,2,True,False,terminal
Ferrara,E6,42,Isolation Forest,isolation_forest,aggregate,5,0.42,2024-01-01 00:28:35,2024-01-01 00:42:20,0.23,0.24027777777777778,,25.0,1.0484848484848486,0.24027777777777778,0.0,False,40,3,2,True,False,terminal
Ferrara,E6,42,Deep SVDD,deep_svdd,aggregate,5,0.42,2024-01-01 00:28:35,2024-01-01 00:42:20,0.23,0.0,,0.0,0.0,0.0,0.0,False,40,3,2,True,False,terminal
Ferrara,E6,42,LSTM-Autoencoder,lstm_ae,aggregate,5,0.42,2024-01-01 00:28:35,2024-01-01 00:42:20,0.23,0.28194444444444444,,100.0,1.2303030303030302,0.0,100.0,False,40,3,2,True,False,terminal
Ferrara,E6,42,TCN-Autoencoder,tcn,aggregate,5,0.42,2024-01-01 00:28:35,2024-01-01 00:42:20,0.23,0.28194444444444444,,100.0,1.2303030303030302,0.0,100.0,False,40,3,2,True,False,terminal
Ferrara,E6,42,Transformer-AD,transformer_ad,aggregate,5,0.42,2024-01-01 00:28:35,2024-01-01 00:42:20,0.23,0.28194444444444444,,100.0,1.2303030303030302,0.0,100.0,False,40,3,2,True,False,terminal
Ferrara,E6,42,RMS-Trend (kσ),rms_trend,aggregate,10,0.83,2024-01-01 00:28:35,2024-01-01 00:42:20,0.23,0.12222222222222222,0.10694444444444444,0.0,0.5333333333333333,0.12222222222222222,0.0,True,20,3,1,True,False,terminal
Ferrara,E6,42,3σ Rule (σ=3.0),three_sigma,aggregate,10,0.83,2024-01-01 00:28:35,2024-01-01 00:42:20,0.23,0.24722222222222223,,40.0,1.0787878787878789,0.24722222222222223,0.0,False,20,3,1,True,False,terminal
Ferrara,E6,42,"EWMA (λ=0.2, k=3.0)",ewma,aggregate,10,0.83,2024-01-01 00:28:35,2024-01-01 00:42:20,0.23,0.24722222222222223,,40.0,1.0787878787878789,0.24722222222222223,0.0,False,20,3,1,True,False,terminal
Ferrara,E6,42,"CUSUM (k=0.5, h=5.0)",cusum,aggregate,10,0.83,2024-01-01 00:28:35,2024-01-01 00:42:20,0.23,0.24722222222222223,,40.0,1.0787878787878789,0.24722222222222223,0.0,False,20,3,1,True,False,terminal
Ferrara,E6,42,Hotelling T²,hotelling_t2,aggregate,10,0.83,2024-01-01 00:28:35,2024-01-01 00:42:20,0.23,0.24722222222222223,,40.0,1.0787878787878789,0.24722222222222223,0.0,False,20,3,1,True,False,terminal
Ferrara,E6,42,Isolation Forest,isolation_forest,aggregate,10,0.83,2024-01-01 00:28:35,2024-01-01 00:42:20,0.23,0.24722222222222223,,20.0,1.0787878787878789,0.24722222222222223,0.0,False,20,3,1,True,False,terminal
Ferrara,E6,42,Deep SVDD,deep_svdd,aggregate,10,0.83,2024-01-01 00:28:35,2024-01-01 00:42:20,0.23,0.025,0.20416666666666666,0.0,0.1090909090909091,0.025,0.0,True,20,3,1,True,False,terminal
Ferrara,E6,42,LSTM-Autoencoder,lstm_ae,aggregate,10,0.83,2024-01-01 00:28:35,2024-01-01 00:42:20,0.23,,,,,,,False,20,3,1,True,False,terminal
Ferrara,E6,42,TCN-Autoencoder,tcn,aggregate,10,0.83,2024-01-01 00:28:35,2024-01-01 00:42:20,0.23,,,,,,,False,20,3,1,True,False,terminal
Ferrara,E6,42,Transformer-AD,transformer_ad,aggregate,10,0.83,2024-01-01 00:28:35,2024-01-01 00:42:20,0.23,,,,,,,False,20,3,1,True,False,terminal
Ferrara,E6,42,RMS-Trend (kσ),rms_trend,aggregate,20,1.67,2024-01-01 00:28:35,2024-01-01 00:42:20,0.23,0.03888888888888889,0.19027777777777777,0.0,0.1696969696969697,0.03888888888888889,0.0,True,10,3,1,True,False,terminal
Ferrara,E6,42,3σ Rule (σ=3.0),three_sigma,aggregate,20,1.67,2024-01-01 00:28:35,2024-01-01 00:42:20,0.23,0.2611111111111111,,66.66666666666666,1.1393939393939394,0.2611111111111111,0.0,False,10,3,1,True,False,terminal
Ferrara,E6,42,"EWMA (λ=0.2, k=3.0)",ewma,aggregate,20,1.67,2024-01-01 00:28:35,2024-01-01 00:42:20,0.23,0.2611111111111111,,66.66666666666666,1.1393939393939394,0.2611111111111111,0.0,False,10,3,1,True,False,terminal
Ferrara,E6,42,"CUSUM (k=0.5, h=5.0)",cusum,aggregate,20,1.67,2024-01-01 00:28:35,2024-01-01 00:42:20,0.23,0.2611111111111111,,66.66666666666666,1.1393939393939394,0.2611111111111111,0.0,False,10,3,1,True,False,terminal
Ferrara,E6,42,Hotelling T²,hotelling_t2,aggregate,20,1.67,2024-01-01 00:28:35,2024-01-01 00:42:20,0.23,0.28888888888888886,,100.0,1.2606060606060605,0.0,100.0,False,10,3,1,True,False,terminal
Ferrara,E6,42,Isolation Forest,isolation_forest,aggregate,20,1.67,2024-01-01 00:28:35,2024-01-01 00:42:20,0.23,0.0,,0.0,0.0,0.0,0.0,False,10,3,1,True,False,terminal
Ferrara,E6,42,Deep SVDD,deep_svdd,aggregate,20,1.67,2024-01-01 00:28:35,2024-01-01 00:42:20,0.23,0.03888888888888889,0.19027777777777777,0.0,0.1696969696969697,0.03888888888888889,0.0,True,10,3,1,True,False,terminal
Ferrara,E6,42,LSTM-Autoencoder,lstm_ae,aggregate,20,1.67,2024-01-01 00:28:35,2024-01-01 00:42:20,0.23,,,,,,,False,10,3,1,True,False,terminal
Ferrara,E6,42,TCN-Autoencoder,tcn,aggregate,20,1.67,2024-01-01 00:28:35,2024-01-01 00:42:20,0.23,,,,,,,False,10,3,1,True,False,terminal
Ferrara,E6,42,Transformer-AD,transformer_ad,aggregate,20,1.67,2024-01-01 00:28:35,2024-01-01 00:42:20,0.23,,,,,,,False,10,3,1,True,False,terminal
Ferrara,E6,42,RMS-Trend (kσ),rms_trend,decimate,1,0.08,2024-01-01 00:28:35,2024-01-01 00:42:20,0.23,0.12916666666666668,0.1,0.0,0.5636363636363637,0.12916666666666668,0.0,True,40,10,3,False,False,terminal
Ferrara,E6,42,3σ Rule (σ=3.0),three_sigma,decimate,1,0.08,2024-01-01 00:28:35,2024-01-01 00:42:20,0.23,0.1361111111111111,0.09305555555555556,0.0,0.5939393939393939,0.1361111111111111,0.0,True,40,10,3,False,False,terminal
Ferrara,E6,42,"EWMA (λ=0.2, k=3.0)",ewma,decimate,1,0.08,2024-01-01 00:28:35,2024-01-01 00:42:20,0.23,0.18472222222222223,0.044444444444444446,0.0,0.8060606060606061,0.18472222222222223,0.0,True,40,10,3,False,False,terminal
Ferrara,E6,42,"CUSUM (k=0.5, h=5.0)",cusum,decimate,1,0.08,2024-01-01 00:28:35,2024-01-01 00:42:20,0.23,0.18472222222222223,0.044444444444444446,0.0,0.8060606060606061,0.18472222222222223,0.0,True,40,10,3,False,False,terminal
Ferrara,E6,42,Hotelling T²,hotelling_t2,decimate,1,0.08,2024-01-01 00:28:35,2024-01-01 00:42:20,0.23,0.23333333333333334,,12.5,1.0181818181818183,0.23333333333333334,0.0,False,40,10,3,False,False,terminal
Ferrara,E6,42,Isolation Forest,isolation_forest,decimate,1,0.08,2024-01-01 00:28:35,2024-01-01 00:42:20,0.23,0.0,,0.0,0.0,0.0,0.0,False,40,10,3,False,False,terminal
Ferrara,E6,42,Deep SVDD,deep_svdd,decimate,1,0.08,2024-01-01 00:28:35,2024-01-01 00:42:20,0.23,0.0,,0.0,0.0,0.0,0.0,False,40,10,3,False,False,terminal
Ferrara,E6,42,LSTM-Autoencoder,lstm_ae,decimate,1,0.08,2024-01-01 00:28:35,2024-01-01 00:42:20,0.23,0.28194444444444444,,100.0,1.2303030303030302,0.0,100.0,False,40,10,3,False,False,terminal
Ferrara,E6,42,TCN-Autoencoder,tcn,decimate,1,0.08,2024-01-01 00:28:35,2024-01-01 00:42:20,0.23,0.28194444444444444,,100.0,1.2303030303030302,0.0,100.0,False,40,10,3,False,False,terminal
Ferrara,E6,42,Transformer-AD,transformer_ad,decimate,1,0.08,2024-01-01 00:28:35,2024-01-01 00:42:20,0.23,0.28194444444444444,,100.0,1.2303030303030302,0.0,100.0,False,40,10,3,False,False,terminal
Ferrara,E6,42,RMS-Trend (kσ),rms_trend,decimate,2,0.17,2024-01-01 00:28:35,2024-01-01 00:42:20,0.23,0.12222222222222222,0.10694444444444444,0.0,0.5333333333333333,0.12222222222222222,0.0,True,51,5,4,False,False,terminal
Ferrara,E6,42,3σ Rule (σ=3.0),three_sigma,decimate,2,0.17,2024-01-01 00:28:35,2024-01-01 00:42:20,0.23,0.0,,0.0,0.0,0.0,0.0,False,51,5,4,False,False,terminal
Ferrara,E6,42,"EWMA (λ=0.2, k=3.0)",ewma,decimate,2,0.17,2024-01-01 00:28:35,2024-01-01 00:42:20,0.23,0.18333333333333332,0.04583333333333333,0.0,0.7999999999999999,0.18333333333333332,0.0,True,51,5,4,False,False,terminal
Ferrara,E6,42,"CUSUM (k=0.5, h=5.0)",cusum,decimate,2,0.17,2024-01-01 00:28:35,2024-01-01 00:42:20,0.23,0.18333333333333332,0.04583333333333333,0.0,0.7999999999999999,0.18333333333333332,0.0,True,51,5,4,False,False,terminal
Ferrara,E6,42,Hotelling T²,hotelling_t2,decimate,2,0.17,2024-01-01 00:28:35,2024-01-01 00:42:20,0.23,0.23333333333333334,,10.0,1.0181818181818183,0.23333333333333334,0.0,True,51,5,4,False,False,terminal
Ferrara,E6,42,Isolation Forest,isolation_forest,decimate,2,0.17,2024-01-01 00:28:35,2024-01-01 00:42:20,0.23,0.0,,0.0,0.0,0.0,0.0,False,51,5,4,False,False,terminal
Ferrara,E6,42,Deep SVDD,deep_svdd,decimate,2,0.17,2024-01-01 00:28:35,2024-01-01 00:42:20,0.23,0.022222222222222223,0.20694444444444443,0.0,0.09696969696969698,0.022222222222222223,0.0,True,51,5,4,False,False,terminal
Ferrara,E6,42,LSTM-Autoencoder,lstm_ae,decimate,2,0.17,2024-01-01 00:28:35,2024-01-01 00:42:20,0.23,0.2833333333333333,,100.0,1.2363636363636363,0.0,100.0,False,51,5,4,False,False,terminal
Ferrara,E6,42,TCN-Autoencoder,tcn,decimate,2,0.17,2024-01-01 00:28:35,2024-01-01 00:42:20,0.23,0.2833333333333333,,100.0,1.2363636363636363,0.0,100.0,False,51,5,4,False,False,terminal
Ferrara,E6,42,Transformer-AD,transformer_ad,decimate,2,0.17,2024-01-01 00:28:35,2024-01-01 00:42:20,0.23,0.2833333333333333,,100.0,1.2363636363636363,0.0,100.0,False,51,5,4,False,False,terminal
Ferrara,E6,42,RMS-Trend (kσ),rms_trend,decimate,5,0.42,2024-01-01 00:28:35,2024-01-01 00:42:20,0.23,0.12916666666666668,0.1,0.0,0.5636363636363637,0.12916666666666668,0.0,True,40,3,2,True,False,terminal
Ferrara,E6,42,3σ Rule (σ=3.0),three_sigma,decimate,5,0.42,2024-01-01 00:28:35,2024-01-01 00:42:20,0.23,0.018055555555555554,0.2111111111111111,0.0,0.07878787878787878,0.018055555555555554,0.0,True,40,3,2,True,False,terminal
Ferrara,E6,42,"EWMA (λ=0.2, k=3.0)",ewma,decimate,5,0.42,2024-01-01 00:28:35,2024-01-01 00:42:20,0.23,0.1638888888888889,0.06527777777777778,0.0,0.7151515151515152,0.1638888888888889,0.0,True,40,3,2,True,False,terminal
Ferrara,E6,42,"CUSUM (k=0.5, h=5.0)",cusum,decimate,5,0.42,2024-01-01 00:28:35,2024-01-01 00:42:20,0.23,0.15694444444444444,0.07222222222222222,0.0,0.6848484848484848,0.15694444444444444,0.0,True,40,3,2,True,False,terminal
Ferrara,E6,42,Hotelling T²,hotelling_t2,decimate,5,0.42,2024-01-01 00:28:35,2024-01-01 00:42:20,0.23,0.23333333333333334,,12.5,1.0181818181818183,0.23333333333333334,0.0,False,40,3,2,True,False,terminal
Ferrara,E6,42,Isolation Forest,isolation_forest,decimate,5,0.42,2024-01-01 00:28:35,2024-01-01 00:42:20,0.23,0.0,,0.0,0.0,0.0,0.0,False,40,3,2,True,False,terminal
Ferrara,E6,42,Deep SVDD,deep_svdd,decimate,5,0.42,2024-01-01 00:28:35,2024-01-01 00:42:20,0.23,0.0,,0.0,0.0,0.0,0.0,False,40,3,2,True,False,terminal
Ferrara,E6,42,LSTM-Autoencoder,lstm_ae,decimate,5,0.42,2024-01-01 00:28:35,2024-01-01 00:42:20,0.23,0.28194444444444444,,100.0,1.2303030303030302,0.0,100.0,False,40,3,2,True,False,terminal
Ferrara,E6,42,TCN-Autoencoder,tcn,decimate,5,0.42,2024-01-01 00:28:35,2024-01-01 00:42:20,0.23,0.28194444444444444,,100.0,1.2303030303030302,0.0,100.0,False,40,3,2,True,False,terminal
Ferrara,E6,42,Transformer-AD,transformer_ad,decimate,5,0.42,2024-01-01 00:28:35,2024-01-01 00:42:20,0.23,0.28194444444444444,,100.0,1.2303030303030302,0.0,100.0,False,40,3,2,True,False,terminal
Ferrara,E6,42,RMS-Trend (kσ),rms_trend,decimate,10,0.83,2024-01-01 00:28:35,2024-01-01 00:42:20,0.23,0.025,0.20416666666666666,0.0,0.1090909090909091,0.025,0.0,True,20,3,1,True,False,terminal
Ferrara,E6,42,3σ Rule (σ=3.0),three_sigma,decimate,10,0.83,2024-01-01 00:28:35,2024-01-01 00:42:20,0.23,0.025,0.20416666666666666,0.0,0.1090909090909091,0.025,0.0,True,20,3,1,True,False,terminal
Ferrara,E6,42,"EWMA (λ=0.2, k=3.0)",ewma,decimate,10,0.83,2024-01-01 00:28:35,2024-01-01 00:42:20,0.23,0.1638888888888889,0.06527777777777778,0.0,0.7151515151515152,0.1638888888888889,0.0,True,20,3,1,True,False,terminal
Ferrara,E6,42,"CUSUM (k=0.5, h=5.0)",cusum,decimate,10,0.83,2024-01-01 00:28:35,2024-01-01 00:42:20,0.23,0.1638888888888889,0.06527777777777778,0.0,0.7151515151515152,0.1638888888888889,0.0,True,20,3,1,True,False,terminal
Ferrara,E6,42,Hotelling T²,hotelling_t2,decimate,10,0.83,2024-01-01 00:28:35,2024-01-01 00:42:20,0.23,0.23333333333333334,,20.0,1.0181818181818183,0.23333333333333334,0.0,False,20,3,1,True,False,terminal
Ferrara,E6,42,Isolation Forest,isolation_forest,decimate,10,0.83,2024-01-01 00:28:35,2024-01-01 00:42:20,0.23,0.0,,0.0,0.0,0.0,0.0,False,20,3,1,True,False,terminal
Ferrara,E6,42,Deep SVDD,deep_svdd,decimate,10,0.83,2024-01-01 00:28:35,2024-01-01 00:42:20,0.23,0.025,0.20416666666666666,0.0,0.1090909090909091,0.025,0.0,True,20,3,1,True,False,terminal
Ferrara,E6,42,LSTM-Autoencoder,lstm_ae,decimate,10,0.83,2024-01-01 00:28:35,2024-01-01 00:42:20,0.23,,,,,,,False,20,3,1,True,False,terminal
Ferrara,E6,42,TCN-Autoencoder,tcn,decimate,10,0.83,2024-01-01 00:28:35,2024-01-01 00:42:20,0.23,,,,,,,False,20,3,1,True,False,terminal
Ferrara,E6,42,Transformer-AD,transformer_ad,decimate,10,0.83,2024-01-01 00:28:35,2024-01-01 00:42:20,0.23,,,,,,,False,20,3,1,True,False,terminal
Ferrara,E6,42,RMS-Trend (kσ),rms_trend,decimate,20,1.67,2024-01-01 00:28:35,2024-01-01 00:42:20,0.23,0.03888888888888889,0.19027777777777777,0.0,0.1696969696969697,0.03888888888888889,0.0,True,10,3,1,True,False,terminal
Ferrara,E6,42,3σ Rule (σ=3.0),three_sigma,decimate,20,1.67,2024-01-01 00:28:35,2024-01-01 00:42:20,0.23,0.0,,0.0,0.0,0.0,0.0,False,10,3,1,True,False,terminal
Ferrara,E6,42,"EWMA (λ=0.2, k=3.0)",ewma,decimate,20,1.67,2024-01-01 00:28:35,2024-01-01 00:42:20,0.23,0.17777777777777778,0.05138888888888889,0.0,0.7757575757575759,0.17777777777777778,0.0,True,10,3,1,True,False,terminal
Ferrara,E6,42,"CUSUM (k=0.5, h=5.0)",cusum,decimate,20,1.67,2024-01-01 00:28:35,2024-01-01 00:42:20,0.23,0.17777777777777778,0.05138888888888889,0.0,0.7757575757575759,0.17777777777777778,0.0,True,10,3,1,True,False,terminal
Ferrara,E6,42,Hotelling T²,hotelling_t2,decimate,20,1.67,2024-01-01 00:28:35,2024-01-01 00:42:20,0.23,0.28888888888888886,,100.0,1.2606060606060605,0.0,100.0,False,10,3,1,True,False,terminal
Ferrara,E6,42,Isolation Forest,isolation_forest,decimate,20,1.67,2024-01-01 00:28:35,2024-01-01 00:42:20,0.23,0.0,,0.0,0.0,0.0,0.0,False,10,3,1,True,False,terminal
Ferrara,E6,42,Deep SVDD,deep_svdd,decimate,20,1.67,2024-01-01 00:28:35,2024-01-01 00:42:20,0.23,0.03888888888888889,0.19027777777777777,0.0,0.1696969696969697,0.03888888888888889,0.0,True,10,3,1,True,False,terminal
Ferrara,E6,42,LSTM-Autoencoder,lstm_ae,decimate,20,1.67,2024-01-01 00:28:35,2024-01-01 00:42:20,0.23,,,,,,,False,10,3,1,True,False,terminal
Ferrara,E6,42,TCN-Autoencoder,tcn,decimate,20,1.67,2024-01-01 00:28:35,2024-01-01 00:42:20,0.23,,,,,,,False,10,3,1,True,False,terminal
Ferrara,E6,42,Transformer-AD,transformer_ad,decimate,20,1.67,2024-01-01 00:28:35,2024-01-01 00:42:20,0.23,,,,,,,False,10,3,1,True,False,terminal
Ferrara,E1,42,One-Class SVM (nu=0.05),one_class_svm,aggregate,1,0.08,2024-01-01 06:44:40,2024-01-01 06:49:40,0.08,2.063888888888889,,9.68586387434555,24.76666666666667,2.063888888888889,0.0,True,393,10,3,False,False,terminal
Ferrara,E1,42,One-Class SVM (nu=0.05),one_class_svm,aggregate,2,0.17,2024-01-01 06:44:40,2024-01-01 06:49:40,0.08,2.1555555555555554,,5.870020964360587,25.866666666666667,2.1555555555555554,0.0,True,492,5,4,False,False,terminal
Ferrara,E1,42,One-Class SVM (nu=0.05),one_class_svm,aggregate,5,0.42,2024-01-01 06:44:40,2024-01-01 06:49:40,0.08,2.411111111111111,,21.465968586387437,28.933333333333334,2.411111111111111,0.0,False,393,3,2,True,False,terminal
Ferrara,E1,42,One-Class SVM (nu=0.05),one_class_svm,aggregate,10,0.83,2024-01-01 06:44:40,2024-01-01 06:49:40,0.08,2.716666666666667,,31.413612565445025,32.6,0.0,10.0,False,196,3,1,True,False,terminal
Ferrara,E1,42,One-Class SVM (nu=0.05),one_class_svm,aggregate,20,1.67,2024-01-01 06:44:40,2024-01-01 06:49:40,0.08,2.3833333333333333,,38.54166666666667,28.6,2.3833333333333333,0.0,False,98,3,1,True,False,terminal
Ferrara,E1,42,One-Class SVM (nu=0.05),one_class_svm,decimate,1,0.08,2024-01-01 06:44:40,2024-01-01 06:49:40,0.08,2.063888888888889,,9.68586387434555,24.76666666666667,2.063888888888889,0.0,True,393,10,3,False,False,terminal
Ferrara,E1,42,One-Class SVM (nu=0.05),one_class_svm,decimate,2,0.17,2024-01-01 06:44:40,2024-01-01 06:49:40,0.08,2.3833333333333333,,12.578616352201259,28.6,2.3833333333333333,0.0,False,492,5,4,False,False,terminal
Ferrara,E1,42,One-Class SVM (nu=0.05),one_class_svm,decimate,5,0.42,2024-01-01 06:44:40,2024-01-01 06:49:40,0.08,2.709722222222222,,15.44502617801047,32.516666666666666,0.0,30.0,False,393,3,2,True,False,terminal
Ferrara,E1,42,One-Class SVM (nu=0.05),one_class_svm,decimate,10,0.83,2024-01-01 06:44:40,2024-01-01 06:49:40,0.08,2.716666666666667,,21.98952879581152,32.6,0.0,30.0,False,196,3,1,True,False,terminal
Ferrara,E1,42,One-Class SVM (nu=0.05),one_class_svm,decimate,20,1.67,2024-01-01 06:44:40,2024-01-01 06:49:40,0.08,2.4944444444444445,,30.208333333333332,29.933333333333334,2.4944444444444445,0.0,False,98,3,1,True,False,terminal
Ferrara,E2,42,One-Class SVM (nu=0.05),one_class_svm,aggregate,1,0.08,2024-01-01 02:39:20,2024-01-01 02:45:20,0.1,0.9777777777777777,,67.58620689655173,9.777777777777777,0.9777777777777777,0.0,False,159,10,3,False,False,terminal
Ferrara,E2,42,One-Class SVM (nu=0.05),one_class_svm,aggregate,2,0.17,2024-01-01 02:39:20,2024-01-01 02:45:20,0.1,1.05,,71.66666666666667,10.5,0.0,10.0,False,198,5,4,False,False,terminal
Ferrara,E2,42,One-Class SVM (nu=0.05),one_class_svm,aggregate,5,0.42,2024-01-01 02:39:20,2024-01-01 02:45:20,0.1,1.1027777777777779,,77.93103448275862,11.027777777777779,0.0,50.0,False,158,3,2,True,False,terminal
Ferrara,E2,42,One-Class SVM (nu=0.05),one_class_svm,aggregate,10,0.83,2024-01-01 02:39:20,2024-01-01 02:45:20,0.1,1.075,,84.93150684931507,10.749999999999998,0.0,50.0,False,79,3,1,True,False,terminal
Ferrara,E2,42,One-Class SVM (nu=0.05),one_class_svm,aggregate,20,1.67,2024-01-01 02:39:20,2024-01-01 02:45:20,0.1,1.0888888888888888,,94.5945945945946,10.888888888888888,0.0,66.66666666666666,False,40,3,1,True,False,terminal
Ferrara,E2,42,One-Class SVM (nu=0.05),one_class_svm,decimate,1,0.08,2024-01-01 02:39:20,2024-01-01 02:45:20,0.1,0.9777777777777777,,67.58620689655173,9.777777777777777,0.9777777777777777,0.0,False,159,10,3,False,False,terminal
Ferrara,E2,42,One-Class SVM (nu=0.05),one_class_svm,decimate,2,0.17,2024-01-01 02:39:20,2024-01-01 02:45:20,0.1,0.9666666666666667,,58.333333333333336,9.666666666666666,0.9666666666666667,0.0,False,198,5,4,False,False,terminal
Ferrara,E2,42,One-Class SVM (nu=0.05),one_class_svm,decimate,5,0.42,2024-01-01 02:39:20,2024-01-01 02:45:20,0.1,1.0680555555555555,,63.44827586206897,10.680555555555555,0.0,25.0,False,158,3,2,True,False,terminal
Ferrara,E2,42,One-Class SVM (nu=0.05),one_class_svm,decimate,10,0.83,2024-01-01 02:39:20,2024-01-01 02:45:20,0.1,1.0888888888888888,,82.1917808219178,10.888888888888888,0.0,25.0,False,79,3,1,True,False,terminal
Ferrara,E2,42,One-Class SVM (nu=0.05),one_class_svm,decimate,20,1.67,2024-01-01 02:39:20,2024-01-01 02:45:20,0.1,1.1166666666666667,,83.78378378378379,11.166666666666666,0.0,33.33333333333333,False,40,3,1,True,False,terminal
Ferrara,E3,42,One-Class SVM (nu=0.05),one_class_svm,aggregate,1,0.08,2024-01-01 01:49:45,2024-01-01 03:18:45,1.48,1.3263888888888888,0.15694444444444444,,0.894194756554307,0.0,100.0,True,191,10,3,False,False,terminal
Ferrara,E3,42,One-Class SVM (nu=0.05),one_class_svm,aggregate,2,0.17,2024-01-01 01:49:45,2024-01-01 03:18:45,1.48,1.323611111111111,0.1597222222222222,,0.8923220973782771,0.0,100.0,True,238,5,4,False,False,terminal
Ferrara,E3,42,One-Class SVM (nu=0.05),one_class_svm,aggregate,5,0.42,2024-01-01 01:49:45,2024-01-01 03:18:45,1.48,1.3263888888888888,0.15694444444444444,,0.894194756554307,0.0,100.0,True,191,3,2,True,False,terminal
Ferrara,E3,42,One-Class SVM (nu=0.05),one_class_svm,aggregate,10,0.83,2024-01-01 01:49:45,2024-01-01 03:18:45,1.48,1.3263888888888888,0.15694444444444444,,0.894194756554307,0.0,100.0,True,95,3,1,True,False,terminal
Ferrara,E3,42,One-Class SVM (nu=0.05),one_class_svm,aggregate,20,1.67,2024-01-01 01:49:45,2024-01-01 03:18:45,1.48,1.3402777777777777,0.14305555555555555,,0.9035580524344569,0.0,100.0,True,48,3,1,True,False,terminal
Ferrara,E3,42,One-Class SVM (nu=0.05),one_class_svm,decimate,1,0.08,2024-01-01 01:49:45,2024-01-01 03:18:45,1.48,1.3263888888888888,0.15694444444444444,,0.894194756554307,0.0,100.0,True,191,10,3,False,False,terminal
Ferrara,E3,42,One-Class SVM (nu=0.05),one_class_svm,decimate,2,0.17,2024-01-01 01:49:45,2024-01-01 03:18:45,1.48,1.323611111111111,0.1597222222222222,,0.8923220973782771,0.0,100.0,True,238,5,4,False,False,terminal
Ferrara,E3,42,One-Class SVM (nu=0.05),one_class_svm,decimate,5,0.42,2024-01-01 01:49:45,2024-01-01 03:18:45,1.48,1.3263888888888888,0.15694444444444444,,0.894194756554307,0.0,100.0,True,191,3,2,True,False,terminal
Ferrara,E3,42,One-Class SVM (nu=0.05),one_class_svm,decimate,10,0.83,2024-01-01 01:49:45,2024-01-01 03:18:45,1.48,1.3263888888888888,0.15694444444444444,,0.894194756554307,0.0,100.0,True,95,3,1,True,False,terminal
Ferrara,E3,42,One-Class SVM (nu=0.05),one_class_svm,decimate,20,1.67,2024-01-01 01:49:45,2024-01-01 03:18:45,1.48,1.3402777777777777,0.14305555555555555,,0.9035580524344569,0.0,100.0,True,48,3,1,True,False,terminal
Ferrara,E4,42,One-Class SVM (nu=0.05),one_class_svm,aggregate,1,0.08,2024-01-01 00:48:40,2024-01-01 00:55:40,0.12,0.37222222222222223,,67.56756756756756,3.1904761904761907,0.0,100.0,False,53,10,3,False,False,terminal
Ferrara,E4,42,One-Class SVM (nu=0.05),one_class_svm,aggregate,2,0.17,2024-01-01 00:48:40,2024-01-01 00:55:40,0.12,0.37222222222222223,,65.21739130434783,3.1904761904761907,0.0,100.0,False,67,5,4,False,False,terminal
Ferrara,E4,42,One-Class SVM (nu=0.05),one_class_svm,aggregate,5,0.42,2024-01-01 00:48:40,2024-01-01 00:55:40,0.12,0.37222222222222223,,81.08108108108108,3.1904761904761907,0.0,100.0,False,53,3,2,True,False,terminal
Ferrara,E4,42,One-Class SVM (nu=0.05),one_class_svm,aggregate,10,0.83,2024-01-01 00:48:40,2024-01-01 00:55:40,0.12,0.37222222222222223,,100.0,3.1904761904761907,0.0,100.0,False,26,3,1,True,False,terminal
Ferrara,E4,42,One-Class SVM (nu=0.05),one_class_svm,aggregate,20,1.67,2024-01-01 00:48:40,2024-01-01 00:55:40,0.12,0.37222222222222223,,90.0,3.1904761904761907,0.0,100.0,False,13,3,1,True,False,terminal
Ferrara,E4,42,One-Class SVM (nu=0.05),one_class_svm,decimate,1,0.08,2024-01-01 00:48:40,2024-01-01 00:55:40,0.12,0.37222222222222223,,67.56756756756756,3.1904761904761907,0.0,100.0,False,53,10,3,False,False,terminal
Ferrara,E4,42,One-Class SVM (nu=0.05),one_class_svm,decimate,2,0.17,2024-01-01 00:48:40,2024-01-01 00:55:40,0.12,0.35555555555555557,,69.56521739130434,3.047619047619048,0.0,25.0,False,67,5,4,False,False,terminal
Ferrara,E4,42,One-Class SVM (nu=0.05),one_class_svm,decimate,5,0.42,2024-01-01 00:48:40,2024-01-01 00:55:40,0.12,0.37222222222222223,,67.56756756756756,3.1904761904761907,0.0,100.0,False,53,3,2,True,False,terminal
Ferrara,E4,42,One-Class SVM (nu=0.05),one_class_svm,decimate,10,0.83,2024-01-01 00:48:40,2024-01-01 00:55:40,0.12,0.33055555555555555,,73.68421052631578,2.833333333333333,0.33055555555555555,0.0,False,26,3,1,True,False,terminal
Ferrara,E4,42,One-Class SVM (nu=0.05),one_class_svm,decimate,20,1.67,2024-01-01 00:48:40,2024-01-01 00:55:40,0.12,0.37222222222222223,,100.0,3.1904761904761907,0.0,100.0,False,13,3,1,True,False,terminal
Ferrara,E5,42,One-Class SVM (nu=0.05),one_class_svm,aggregate,1,0.08,2024-01-01 02:17:30,2024-01-01 02:23:20,0.1,0.9027777777777778,,11.29032258064516,9.285714285714286,0.9027777777777778,0.0,False,138,10,3,False,False,terminal
Ferrara,E5,42,One-Class SVM (nu=0.05),one_class_svm,aggregate,2,0.17,2024-01-01 02:17:30,2024-01-01 02:23:20,0.1,0.5777777777777777,,12.903225806451612,5.942857142857142,0.5777777777777777,0.0,False,172,5,4,False,False,terminal
Ferrara,E5,42,One-Class SVM (nu=0.05),one_class_svm,aggregate,5,0.42,2024-01-01 02:17:30,2024-01-01 02:23:20,0.1,0.9236111111111112,,39.516129032258064,9.5,0.0,28.57142857142857,False,138,3,2,True,False,terminal
Ferrara,E5,42,One-Class SVM (nu=0.05),one_class_svm,aggregate,10,0.83,2024-01-01 02:17:30,2024-01-01 02:23:20,0.1,0.9444444444444444,,85.48387096774194,9.714285714285714,0.0,75.0,False,69,3,1,True,False,terminal
Ferrara,E5,42,One-Class SVM (nu=0.05),one_class_svm,aggregate,20,1.67,2024-01-01 02:17:30,2024-01-01 02:23:20,0.1,0.9444444444444444,,100.0,9.714285714285714,0.0,100.0,False,34,3,1,True,False,terminal
Ferrara,E5,42,One-Class SVM (nu=0.05),one_class_svm,decimate,1,0.08,2024-01-01 02:17:30,2024-01-01 02:23:20,0.1,0.9027777777777778,,11.29032258064516,9.285714285714286,0.9027777777777778,0.0,False,138,10,3,False,False,terminal
Ferrara,E5,42,One-Class SVM (nu=0.05),one_class_svm,decimate,2,0.17,2024-01-01 02:17:30,2024-01-01 02:23:20,0.1,0.5277777777777778,,4.516129032258064,5.428571428571429,0.5277777777777778,0.0,True,172,5,4,False,False,terminal
Ferrara,E5,42,One-Class SVM (nu=0.05),one_class_svm,decimate,5,0.42,2024-01-01 02:17:30,2024-01-01 02:23:20,0.1,0.9166666666666666,,20.161290322580644,9.428571428571429,0.0,14.285714285714285,False,138,3,2,True,False,terminal
Ferrara,E5,42,One-Class SVM (nu=0.05),one_class_svm,decimate,10,0.83,2024-01-01 02:17:30,2024-01-01 02:23:20,0.1,0.9444444444444444,,38.70967741935484,9.714285714285714,0.0,50.0,False,69,3,1,True,False,terminal
Ferrara,E5,42,One-Class SVM (nu=0.05),one_class_svm,decimate,20,1.67,2024-01-01 02:17:30,2024-01-01 02:23:20,0.1,0.8055555555555556,,64.51612903225806,8.285714285714286,0.8055555555555556,0.0,False,34,3,1,True,False,terminal
Ferrara,E6,42,One-Class SVM (nu=0.05),one_class_svm,aggregate,1,0.08,2024-01-01 00:28:35,2024-01-01 00:42:20,0.23,0.23333333333333334,,12.5,1.0181818181818183,0.23333333333333334,0.0,False,40,10,3,False,False,terminal
Ferrara,E6,42,One-Class SVM (nu=0.05),one_class_svm,aggregate,2,0.17,2024-01-01 00:28:35,2024-01-01 00:42:20,0.23,0.23333333333333334,,10.0,1.0181818181818183,0.23333333333333334,0.0,True,51,5,4,False,False,terminal
Ferrara,E6,42,One-Class SVM (nu=0.05),one_class_svm,aggregate,5,0.42,2024-01-01 00:28:35,2024-01-01 00:42:20,0.23,0.24027777777777778,,25.0,1.0484848484848486,0.24027777777777778,0.0,False,40,3,2,True,False,terminal
Ferrara,E6,42,One-Class SVM (nu=0.05),one_class_svm,aggregate,10,0.83,2024-01-01 00:28:35,2024-01-01 00:42:20,0.23,0.24722222222222223,,40.0,1.0787878787878789,0.24722222222222223,0.0,False,20,3,1,True,False,terminal
Ferrara,E6,42,One-Class SVM (nu=0.05),one_class_svm,aggregate,20,1.67,2024-01-01 00:28:35,2024-01-01 00:42:20,0.23,0.2611111111111111,,66.66666666666666,1.1393939393939394,0.2611111111111111,0.0,False,10,3,1,True,False,terminal
Ferrara,E6,42,One-Class SVM (nu=0.05),one_class_svm,decimate,1,0.08,2024-01-01 00:28:35,2024-01-01 00:42:20,0.23,0.23333333333333334,,12.5,1.0181818181818183,0.23333333333333334,0.0,False,40,10,3,False,False,terminal
Ferrara,E6,42,One-Class SVM (nu=0.05),one_class_svm,decimate,2,0.17,2024-01-01 00:28:35,2024-01-01 00:42:20,0.23,0.23333333333333334,,10.0,1.0181818181818183,0.23333333333333334,0.0,True,51,5,4,False,False,terminal
Ferrara,E6,42,One-Class SVM (nu=0.05),one_class_svm,decimate,5,0.42,2024-01-01 00:28:35,2024-01-01 00:42:20,0.23,0.23333333333333334,,12.5,1.0181818181818183,0.23333333333333334,0.0,False,40,3,2,True,False,terminal
Ferrara,E6,42,One-Class SVM (nu=0.05),one_class_svm,decimate,10,0.83,2024-01-01 00:28:35,2024-01-01 00:42:20,0.23,0.23333333333333334,,20.0,1.0181818181818183,0.23333333333333334,0.0,False,20,3,1,True,False,terminal
Ferrara,E6,42,One-Class SVM (nu=0.05),one_class_svm,decimate,20,1.67,2024-01-01 00:28:35,2024-01-01 00:42:20,0.23,0.23333333333333334,,33.33333333333333,1.0181818181818183,0.23333333333333334,0.0,False,10,3,1,True,False,terminal
